/*--------------------------------*- C++ -*----------------------------------*\
| =========                 |                                                 |
| \\      /  F ield         | foam-extend: Open Source CFD                    |
|  \\    /   O peration     | Version:     4.1                                |
|   \\  /    A nd           | Web:         http://www.foam-extend.org         |
|    \\/     M anipulation  |                                                 |
\*---------------------------------------------------------------------------*/
FoamFile
{
    version     2.0;
    format      ascii;
    class       vectorField;
    location    "constant/polyMesh";
    object      points;
}
// * * * * * * * * * * * * * * * * * * * * * * * * * * * * * * * * * * * * * //


2562
(
(0 0 0)
(0.005 0 0)
(0.01 0 0)
(0.015 0 0)
(0.02 0 0)
(0.025 0 0)
(0.03 0 0)
(0.035 0 0)
(0.04 0 0)
(0.045 0 0)
(0.05 0 0)
(0.055 0 0)
(0.06 0 0)
(0.065 0 0)
(0.07 0 0)
(0.075 0 0)
(0.08 0 0)
(0.085 0 0)
(0.09 0 0)
(0.095 0 0)
(0.1 0 0)
(0.105 0 0)
(0.11 0 0)
(0.115 0 0)
(0.12 0 0)
(0.125 0 0)
(0.13 0 0)
(0.135 0 0)
(0.14 0 0)
(0.145 0 0)
(0.15 0 0)
(0.155 0 0)
(0.16 0 0)
(0.165 0 0)
(0.17 0 0)
(0.175 0 0)
(0.18 0 0)
(0.185 0 0)
(0.19 0 0)
(0.195 0 0)
(0.2 0 0)
(0.205 0 0)
(0.21 0 0)
(0.215 0 0)
(0.22 0 0)
(0.225 0 0)
(0.23 0 0)
(0.235 0 0)
(0.24 0 0)
(0.245 0 0)
(0.25 0 0)
(0.255 0 0)
(0.26 0 0)
(0.265 0 0)
(0.27 0 0)
(0.275 0 0)
(0.28 0 0)
(0.285 0 0)
(0.29 0 0)
(0.295 0 0)
(0.3 0 0)
(0 0.005 0)
(0.005 0.005 0)
(0.01 0.005 0)
(0.015 0.005 0)
(0.02 0.005 0)
(0.025 0.005 0)
(0.03 0.005 0)
(0.035 0.005 0)
(0.04 0.005 0)
(0.045 0.005 0)
(0.05 0.005 0)
(0.055 0.005 0)
(0.06 0.005 0)
(0.065 0.005 0)
(0.07 0.005 0)
(0.075 0.005 0)
(0.08 0.005 0)
(0.085 0.005 0)
(0.09 0.005 0)
(0.095 0.005 0)
(0.1 0.005 0)
(0.105 0.005 0)
(0.11 0.005 0)
(0.115 0.005 0)
(0.12 0.005 0)
(0.125 0.005 0)
(0.13 0.005 0)
(0.135 0.005 0)
(0.14 0.005 0)
(0.145 0.005 0)
(0.15 0.005 0)
(0.155 0.005 0)
(0.16 0.005 0)
(0.165 0.005 0)
(0.17 0.005 0)
(0.175 0.005 0)
(0.18 0.005 0)
(0.185 0.005 0)
(0.19 0.005 0)
(0.195 0.005 0)
(0.2 0.005 0)
(0.205 0.005 0)
(0.21 0.005 0)
(0.215 0.005 0)
(0.22 0.005 0)
(0.225 0.005 0)
(0.23 0.005 0)
(0.235 0.005 0)
(0.24 0.005 0)
(0.245 0.005 0)
(0.25 0.005 0)
(0.255 0.005 0)
(0.26 0.005 0)
(0.265 0.005 0)
(0.27 0.005 0)
(0.275 0.005 0)
(0.28 0.005 0)
(0.285 0.005 0)
(0.29 0.005 0)
(0.295 0.005 0)
(0.3 0.005 0)
(0 0.01 0)
(0.005 0.01 0)
(0.01 0.01 0)
(0.015 0.01 0)
(0.02 0.01 0)
(0.025 0.01 0)
(0.03 0.01 0)
(0.035 0.01 0)
(0.04 0.01 0)
(0.045 0.01 0)
(0.05 0.01 0)
(0.055 0.01 0)
(0.06 0.01 0)
(0.065 0.01 0)
(0.07 0.01 0)
(0.075 0.01 0)
(0.08 0.01 0)
(0.085 0.01 0)
(0.09 0.01 0)
(0.095 0.01 0)
(0.1 0.01 0)
(0.105 0.01 0)
(0.11 0.01 0)
(0.115 0.01 0)
(0.12 0.01 0)
(0.125 0.01 0)
(0.13 0.01 0)
(0.135 0.01 0)
(0.14 0.01 0)
(0.145 0.01 0)
(0.15 0.01 0)
(0.155 0.01 0)
(0.16 0.01 0)
(0.165 0.01 0)
(0.17 0.01 0)
(0.175 0.01 0)
(0.18 0.01 0)
(0.185 0.01 0)
(0.19 0.01 0)
(0.195 0.01 0)
(0.2 0.01 0)
(0.205 0.01 0)
(0.21 0.01 0)
(0.215 0.01 0)
(0.22 0.01 0)
(0.225 0.01 0)
(0.23 0.01 0)
(0.235 0.01 0)
(0.24 0.01 0)
(0.245 0.01 0)
(0.25 0.01 0)
(0.255 0.01 0)
(0.26 0.01 0)
(0.265 0.01 0)
(0.27 0.01 0)
(0.275 0.01 0)
(0.28 0.01 0)
(0.285 0.01 0)
(0.29 0.01 0)
(0.295 0.01 0)
(0.3 0.01 0)
(0 0.015 0)
(0.005 0.015 0)
(0.01 0.015 0)
(0.015 0.015 0)
(0.02 0.015 0)
(0.025 0.015 0)
(0.03 0.015 0)
(0.035 0.015 0)
(0.04 0.015 0)
(0.045 0.015 0)
(0.05 0.015 0)
(0.055 0.015 0)
(0.06 0.015 0)
(0.065 0.015 0)
(0.07 0.015 0)
(0.075 0.015 0)
(0.08 0.015 0)
(0.085 0.015 0)
(0.09 0.015 0)
(0.095 0.015 0)
(0.1 0.015 0)
(0.105 0.015 0)
(0.11 0.015 0)
(0.115 0.015 0)
(0.12 0.015 0)
(0.125 0.015 0)
(0.13 0.015 0)
(0.135 0.015 0)
(0.14 0.015 0)
(0.145 0.015 0)
(0.15 0.015 0)
(0.155 0.015 0)
(0.16 0.015 0)
(0.165 0.015 0)
(0.17 0.015 0)
(0.175 0.015 0)
(0.18 0.015 0)
(0.185 0.015 0)
(0.19 0.015 0)
(0.195 0.015 0)
(0.2 0.015 0)
(0.205 0.015 0)
(0.21 0.015 0)
(0.215 0.015 0)
(0.22 0.015 0)
(0.225 0.015 0)
(0.23 0.015 0)
(0.235 0.015 0)
(0.24 0.015 0)
(0.245 0.015 0)
(0.25 0.015 0)
(0.255 0.015 0)
(0.26 0.015 0)
(0.265 0.015 0)
(0.27 0.015 0)
(0.275 0.015 0)
(0.28 0.015 0)
(0.285 0.015 0)
(0.29 0.015 0)
(0.295 0.015 0)
(0.3 0.015 0)
(0 0.02 0)
(0.005 0.02 0)
(0.01 0.02 0)
(0.015 0.02 0)
(0.02 0.02 0)
(0.025 0.02 0)
(0.03 0.02 0)
(0.035 0.02 0)
(0.04 0.02 0)
(0.045 0.02 0)
(0.05 0.02 0)
(0.055 0.02 0)
(0.06 0.02 0)
(0.065 0.02 0)
(0.07 0.02 0)
(0.075 0.02 0)
(0.08 0.02 0)
(0.085 0.02 0)
(0.09 0.02 0)
(0.095 0.02 0)
(0.1 0.02 0)
(0.105 0.02 0)
(0.11 0.02 0)
(0.115 0.02 0)
(0.12 0.02 0)
(0.125 0.02 0)
(0.13 0.02 0)
(0.135 0.02 0)
(0.14 0.02 0)
(0.145 0.02 0)
(0.15 0.02 0)
(0.155 0.02 0)
(0.16 0.02 0)
(0.165 0.02 0)
(0.17 0.02 0)
(0.175 0.02 0)
(0.18 0.02 0)
(0.185 0.02 0)
(0.19 0.02 0)
(0.195 0.02 0)
(0.2 0.02 0)
(0.205 0.02 0)
(0.21 0.02 0)
(0.215 0.02 0)
(0.22 0.02 0)
(0.225 0.02 0)
(0.23 0.02 0)
(0.235 0.02 0)
(0.24 0.02 0)
(0.245 0.02 0)
(0.25 0.02 0)
(0.255 0.02 0)
(0.26 0.02 0)
(0.265 0.02 0)
(0.27 0.02 0)
(0.275 0.02 0)
(0.28 0.02 0)
(0.285 0.02 0)
(0.29 0.02 0)
(0.295 0.02 0)
(0.3 0.02 0)
(0 0.025 0)
(0.005 0.025 0)
(0.01 0.025 0)
(0.015 0.025 0)
(0.02 0.025 0)
(0.025 0.025 0)
(0.03 0.025 0)
(0.035 0.025 0)
(0.04 0.025 0)
(0.045 0.025 0)
(0.05 0.025 0)
(0.055 0.025 0)
(0.06 0.025 0)
(0.065 0.025 0)
(0.07 0.025 0)
(0.075 0.025 0)
(0.08 0.025 0)
(0.085 0.025 0)
(0.09 0.025 0)
(0.095 0.025 0)
(0.1 0.025 0)
(0.105 0.025 0)
(0.11 0.025 0)
(0.115 0.025 0)
(0.12 0.025 0)
(0.125 0.025 0)
(0.13 0.025 0)
(0.135 0.025 0)
(0.14 0.025 0)
(0.145 0.025 0)
(0.15 0.025 0)
(0.155 0.025 0)
(0.16 0.025 0)
(0.165 0.025 0)
(0.17 0.025 0)
(0.175 0.025 0)
(0.18 0.025 0)
(0.185 0.025 0)
(0.19 0.025 0)
(0.195 0.025 0)
(0.2 0.025 0)
(0.205 0.025 0)
(0.21 0.025 0)
(0.215 0.025 0)
(0.22 0.025 0)
(0.225 0.025 0)
(0.23 0.025 0)
(0.235 0.025 0)
(0.24 0.025 0)
(0.245 0.025 0)
(0.25 0.025 0)
(0.255 0.025 0)
(0.26 0.025 0)
(0.265 0.025 0)
(0.27 0.025 0)
(0.275 0.025 0)
(0.28 0.025 0)
(0.285 0.025 0)
(0.29 0.025 0)
(0.295 0.025 0)
(0.3 0.025 0)
(0 0.03 0)
(0.005 0.03 0)
(0.01 0.03 0)
(0.015 0.03 0)
(0.02 0.03 0)
(0.025 0.03 0)
(0.03 0.03 0)
(0.035 0.03 0)
(0.04 0.03 0)
(0.045 0.03 0)
(0.05 0.03 0)
(0.055 0.03 0)
(0.06 0.03 0)
(0.065 0.03 0)
(0.07 0.03 0)
(0.075 0.03 0)
(0.08 0.03 0)
(0.085 0.03 0)
(0.09 0.03 0)
(0.095 0.03 0)
(0.1 0.03 0)
(0.105 0.03 0)
(0.11 0.03 0)
(0.115 0.03 0)
(0.12 0.03 0)
(0.125 0.03 0)
(0.13 0.03 0)
(0.135 0.03 0)
(0.14 0.03 0)
(0.145 0.03 0)
(0.15 0.03 0)
(0.155 0.03 0)
(0.16 0.03 0)
(0.165 0.03 0)
(0.17 0.03 0)
(0.175 0.03 0)
(0.18 0.03 0)
(0.185 0.03 0)
(0.19 0.03 0)
(0.195 0.03 0)
(0.2 0.03 0)
(0.205 0.03 0)
(0.21 0.03 0)
(0.215 0.03 0)
(0.22 0.03 0)
(0.225 0.03 0)
(0.23 0.03 0)
(0.235 0.03 0)
(0.24 0.03 0)
(0.245 0.03 0)
(0.25 0.03 0)
(0.255 0.03 0)
(0.26 0.03 0)
(0.265 0.03 0)
(0.27 0.03 0)
(0.275 0.03 0)
(0.28 0.03 0)
(0.285 0.03 0)
(0.29 0.03 0)
(0.295 0.03 0)
(0.3 0.03 0)
(0 0.035 0)
(0.005 0.035 0)
(0.01 0.035 0)
(0.015 0.035 0)
(0.02 0.035 0)
(0.025 0.035 0)
(0.03 0.035 0)
(0.035 0.035 0)
(0.04 0.035 0)
(0.045 0.035 0)
(0.05 0.035 0)
(0.055 0.035 0)
(0.06 0.035 0)
(0.065 0.035 0)
(0.07 0.035 0)
(0.075 0.035 0)
(0.08 0.035 0)
(0.085 0.035 0)
(0.09 0.035 0)
(0.095 0.035 0)
(0.1 0.035 0)
(0.105 0.035 0)
(0.11 0.035 0)
(0.115 0.035 0)
(0.12 0.035 0)
(0.125 0.035 0)
(0.13 0.035 0)
(0.135 0.035 0)
(0.14 0.035 0)
(0.145 0.035 0)
(0.15 0.035 0)
(0.155 0.035 0)
(0.16 0.035 0)
(0.165 0.035 0)
(0.17 0.035 0)
(0.175 0.035 0)
(0.18 0.035 0)
(0.185 0.035 0)
(0.19 0.035 0)
(0.195 0.035 0)
(0.2 0.035 0)
(0.205 0.035 0)
(0.21 0.035 0)
(0.215 0.035 0)
(0.22 0.035 0)
(0.225 0.035 0)
(0.23 0.035 0)
(0.235 0.035 0)
(0.24 0.035 0)
(0.245 0.035 0)
(0.25 0.035 0)
(0.255 0.035 0)
(0.26 0.035 0)
(0.265 0.035 0)
(0.27 0.035 0)
(0.275 0.035 0)
(0.28 0.035 0)
(0.285 0.035 0)
(0.29 0.035 0)
(0.295 0.035 0)
(0.3 0.035 0)
(0 0.04 0)
(0.005 0.04 0)
(0.01 0.04 0)
(0.015 0.04 0)
(0.02 0.04 0)
(0.025 0.04 0)
(0.03 0.04 0)
(0.035 0.04 0)
(0.04 0.04 0)
(0.045 0.04 0)
(0.05 0.04 0)
(0.055 0.04 0)
(0.06 0.04 0)
(0.065 0.04 0)
(0.07 0.04 0)
(0.075 0.04 0)
(0.08 0.04 0)
(0.085 0.04 0)
(0.09 0.04 0)
(0.095 0.04 0)
(0.1 0.04 0)
(0.105 0.04 0)
(0.11 0.04 0)
(0.115 0.04 0)
(0.12 0.04 0)
(0.125 0.04 0)
(0.13 0.04 0)
(0.135 0.04 0)
(0.14 0.04 0)
(0.145 0.04 0)
(0.15 0.04 0)
(0.155 0.04 0)
(0.16 0.04 0)
(0.165 0.04 0)
(0.17 0.04 0)
(0.175 0.04 0)
(0.18 0.04 0)
(0.185 0.04 0)
(0.19 0.04 0)
(0.195 0.04 0)
(0.2 0.04 0)
(0.205 0.04 0)
(0.21 0.04 0)
(0.215 0.04 0)
(0.22 0.04 0)
(0.225 0.04 0)
(0.23 0.04 0)
(0.235 0.04 0)
(0.24 0.04 0)
(0.245 0.04 0)
(0.25 0.04 0)
(0.255 0.04 0)
(0.26 0.04 0)
(0.265 0.04 0)
(0.27 0.04 0)
(0.275 0.04 0)
(0.28 0.04 0)
(0.285 0.04 0)
(0.29 0.04 0)
(0.295 0.04 0)
(0.3 0.04 0)
(0 0.045 0)
(0.005 0.045 0)
(0.01 0.045 0)
(0.015 0.045 0)
(0.02 0.045 0)
(0.025 0.045 0)
(0.03 0.045 0)
(0.035 0.045 0)
(0.04 0.045 0)
(0.045 0.045 0)
(0.05 0.045 0)
(0.055 0.045 0)
(0.06 0.045 0)
(0.065 0.045 0)
(0.07 0.045 0)
(0.075 0.045 0)
(0.08 0.045 0)
(0.085 0.045 0)
(0.09 0.045 0)
(0.095 0.045 0)
(0.1 0.045 0)
(0.105 0.045 0)
(0.11 0.045 0)
(0.115 0.045 0)
(0.12 0.045 0)
(0.125 0.045 0)
(0.13 0.045 0)
(0.135 0.045 0)
(0.14 0.045 0)
(0.145 0.045 0)
(0.15 0.045 0)
(0.155 0.045 0)
(0.16 0.045 0)
(0.165 0.045 0)
(0.17 0.045 0)
(0.175 0.045 0)
(0.18 0.045 0)
(0.185 0.045 0)
(0.19 0.045 0)
(0.195 0.045 0)
(0.2 0.045 0)
(0.205 0.045 0)
(0.21 0.045 0)
(0.215 0.045 0)
(0.22 0.045 0)
(0.225 0.045 0)
(0.23 0.045 0)
(0.235 0.045 0)
(0.24 0.045 0)
(0.245 0.045 0)
(0.25 0.045 0)
(0.255 0.045 0)
(0.26 0.045 0)
(0.265 0.045 0)
(0.27 0.045 0)
(0.275 0.045 0)
(0.28 0.045 0)
(0.285 0.045 0)
(0.29 0.045 0)
(0.295 0.045 0)
(0.3 0.045 0)
(0 0.05 0)
(0.005 0.05 0)
(0.01 0.05 0)
(0.015 0.05 0)
(0.02 0.05 0)
(0.025 0.05 0)
(0.03 0.05 0)
(0.035 0.05 0)
(0.04 0.05 0)
(0.045 0.05 0)
(0.05 0.05 0)
(0.055 0.05 0)
(0.06 0.05 0)
(0.065 0.05 0)
(0.07 0.05 0)
(0.075 0.05 0)
(0.08 0.05 0)
(0.085 0.05 0)
(0.09 0.05 0)
(0.095 0.05 0)
(0.1 0.05 0)
(0.105 0.05 0)
(0.11 0.05 0)
(0.115 0.05 0)
(0.12 0.05 0)
(0.125 0.05 0)
(0.13 0.05 0)
(0.135 0.05 0)
(0.14 0.05 0)
(0.145 0.05 0)
(0.15 0.05 0)
(0.155 0.05 0)
(0.16 0.05 0)
(0.165 0.05 0)
(0.17 0.05 0)
(0.175 0.05 0)
(0.18 0.05 0)
(0.185 0.05 0)
(0.19 0.05 0)
(0.195 0.05 0)
(0.2 0.05 0)
(0.205 0.05 0)
(0.21 0.05 0)
(0.215 0.05 0)
(0.22 0.05 0)
(0.225 0.05 0)
(0.23 0.05 0)
(0.235 0.05 0)
(0.24 0.05 0)
(0.245 0.05 0)
(0.25 0.05 0)
(0.255 0.05 0)
(0.26 0.05 0)
(0.265 0.05 0)
(0.27 0.05 0)
(0.275 0.05 0)
(0.28 0.05 0)
(0.285 0.05 0)
(0.29 0.05 0)
(0.295 0.05 0)
(0.3 0.05 0)
(0 0.055 0)
(0.005 0.055 0)
(0.01 0.055 0)
(0.015 0.055 0)
(0.02 0.055 0)
(0.025 0.055 0)
(0.03 0.055 0)
(0.035 0.055 0)
(0.04 0.055 0)
(0.045 0.055 0)
(0.05 0.055 0)
(0.055 0.055 0)
(0.06 0.055 0)
(0.065 0.055 0)
(0.07 0.055 0)
(0.075 0.055 0)
(0.08 0.055 0)
(0.085 0.055 0)
(0.09 0.055 0)
(0.095 0.055 0)
(0.1 0.055 0)
(0.105 0.055 0)
(0.11 0.055 0)
(0.115 0.055 0)
(0.12 0.055 0)
(0.125 0.055 0)
(0.13 0.055 0)
(0.135 0.055 0)
(0.14 0.055 0)
(0.145 0.055 0)
(0.15 0.055 0)
(0.155 0.055 0)
(0.16 0.055 0)
(0.165 0.055 0)
(0.17 0.055 0)
(0.175 0.055 0)
(0.18 0.055 0)
(0.185 0.055 0)
(0.19 0.055 0)
(0.195 0.055 0)
(0.2 0.055 0)
(0.205 0.055 0)
(0.21 0.055 0)
(0.215 0.055 0)
(0.22 0.055 0)
(0.225 0.055 0)
(0.23 0.055 0)
(0.235 0.055 0)
(0.24 0.055 0)
(0.245 0.055 0)
(0.25 0.055 0)
(0.255 0.055 0)
(0.26 0.055 0)
(0.265 0.055 0)
(0.27 0.055 0)
(0.275 0.055 0)
(0.28 0.055 0)
(0.285 0.055 0)
(0.29 0.055 0)
(0.295 0.055 0)
(0.3 0.055 0)
(0 0.06 0)
(0.005 0.06 0)
(0.01 0.06 0)
(0.015 0.06 0)
(0.02 0.06 0)
(0.025 0.06 0)
(0.03 0.06 0)
(0.035 0.06 0)
(0.04 0.06 0)
(0.045 0.06 0)
(0.05 0.06 0)
(0.055 0.06 0)
(0.06 0.06 0)
(0.065 0.06 0)
(0.07 0.06 0)
(0.075 0.06 0)
(0.08 0.06 0)
(0.085 0.06 0)
(0.09 0.06 0)
(0.095 0.06 0)
(0.1 0.06 0)
(0.105 0.06 0)
(0.11 0.06 0)
(0.115 0.06 0)
(0.12 0.06 0)
(0.125 0.06 0)
(0.13 0.06 0)
(0.135 0.06 0)
(0.14 0.06 0)
(0.145 0.06 0)
(0.15 0.06 0)
(0.155 0.06 0)
(0.16 0.06 0)
(0.165 0.06 0)
(0.17 0.06 0)
(0.175 0.06 0)
(0.18 0.06 0)
(0.185 0.06 0)
(0.19 0.06 0)
(0.195 0.06 0)
(0.2 0.06 0)
(0.205 0.06 0)
(0.21 0.06 0)
(0.215 0.06 0)
(0.22 0.06 0)
(0.225 0.06 0)
(0.23 0.06 0)
(0.235 0.06 0)
(0.24 0.06 0)
(0.245 0.06 0)
(0.25 0.06 0)
(0.255 0.06 0)
(0.26 0.06 0)
(0.265 0.06 0)
(0.27 0.06 0)
(0.275 0.06 0)
(0.28 0.06 0)
(0.285 0.06 0)
(0.29 0.06 0)
(0.295 0.06 0)
(0.3 0.06 0)
(0 0.065 0)
(0.005 0.065 0)
(0.01 0.065 0)
(0.015 0.065 0)
(0.02 0.065 0)
(0.025 0.065 0)
(0.03 0.065 0)
(0.035 0.065 0)
(0.04 0.065 0)
(0.045 0.065 0)
(0.05 0.065 0)
(0.055 0.065 0)
(0.06 0.065 0)
(0.065 0.065 0)
(0.07 0.065 0)
(0.075 0.065 0)
(0.08 0.065 0)
(0.085 0.065 0)
(0.09 0.065 0)
(0.095 0.065 0)
(0.1 0.065 0)
(0.105 0.065 0)
(0.11 0.065 0)
(0.115 0.065 0)
(0.12 0.065 0)
(0.125 0.065 0)
(0.13 0.065 0)
(0.135 0.065 0)
(0.14 0.065 0)
(0.145 0.065 0)
(0.15 0.065 0)
(0.155 0.065 0)
(0.16 0.065 0)
(0.165 0.065 0)
(0.17 0.065 0)
(0.175 0.065 0)
(0.18 0.065 0)
(0.185 0.065 0)
(0.19 0.065 0)
(0.195 0.065 0)
(0.2 0.065 0)
(0.205 0.065 0)
(0.21 0.065 0)
(0.215 0.065 0)
(0.22 0.065 0)
(0.225 0.065 0)
(0.23 0.065 0)
(0.235 0.065 0)
(0.24 0.065 0)
(0.245 0.065 0)
(0.25 0.065 0)
(0.255 0.065 0)
(0.26 0.065 0)
(0.265 0.065 0)
(0.27 0.065 0)
(0.275 0.065 0)
(0.28 0.065 0)
(0.285 0.065 0)
(0.29 0.065 0)
(0.295 0.065 0)
(0.3 0.065 0)
(0 0.07 0)
(0.005 0.07 0)
(0.01 0.07 0)
(0.015 0.07 0)
(0.02 0.07 0)
(0.025 0.07 0)
(0.03 0.07 0)
(0.035 0.07 0)
(0.04 0.07 0)
(0.045 0.07 0)
(0.05 0.07 0)
(0.055 0.07 0)
(0.06 0.07 0)
(0.065 0.07 0)
(0.07 0.07 0)
(0.075 0.07 0)
(0.08 0.07 0)
(0.085 0.07 0)
(0.09 0.07 0)
(0.095 0.07 0)
(0.1 0.07 0)
(0.105 0.07 0)
(0.11 0.07 0)
(0.115 0.07 0)
(0.12 0.07 0)
(0.125 0.07 0)
(0.13 0.07 0)
(0.135 0.07 0)
(0.14 0.07 0)
(0.145 0.07 0)
(0.15 0.07 0)
(0.155 0.07 0)
(0.16 0.07 0)
(0.165 0.07 0)
(0.17 0.07 0)
(0.175 0.07 0)
(0.18 0.07 0)
(0.185 0.07 0)
(0.19 0.07 0)
(0.195 0.07 0)
(0.2 0.07 0)
(0.205 0.07 0)
(0.21 0.07 0)
(0.215 0.07 0)
(0.22 0.07 0)
(0.225 0.07 0)
(0.23 0.07 0)
(0.235 0.07 0)
(0.24 0.07 0)
(0.245 0.07 0)
(0.25 0.07 0)
(0.255 0.07 0)
(0.26 0.07 0)
(0.265 0.07 0)
(0.27 0.07 0)
(0.275 0.07 0)
(0.28 0.07 0)
(0.285 0.07 0)
(0.29 0.07 0)
(0.295 0.07 0)
(0.3 0.07 0)
(0 0.075 0)
(0.005 0.075 0)
(0.01 0.075 0)
(0.015 0.075 0)
(0.02 0.075 0)
(0.025 0.075 0)
(0.03 0.075 0)
(0.035 0.075 0)
(0.04 0.075 0)
(0.045 0.075 0)
(0.05 0.075 0)
(0.055 0.075 0)
(0.06 0.075 0)
(0.065 0.075 0)
(0.07 0.075 0)
(0.075 0.075 0)
(0.08 0.075 0)
(0.085 0.075 0)
(0.09 0.075 0)
(0.095 0.075 0)
(0.1 0.075 0)
(0.105 0.075 0)
(0.11 0.075 0)
(0.115 0.075 0)
(0.12 0.075 0)
(0.125 0.075 0)
(0.13 0.075 0)
(0.135 0.075 0)
(0.14 0.075 0)
(0.145 0.075 0)
(0.15 0.075 0)
(0.155 0.075 0)
(0.16 0.075 0)
(0.165 0.075 0)
(0.17 0.075 0)
(0.175 0.075 0)
(0.18 0.075 0)
(0.185 0.075 0)
(0.19 0.075 0)
(0.195 0.075 0)
(0.2 0.075 0)
(0.205 0.075 0)
(0.21 0.075 0)
(0.215 0.075 0)
(0.22 0.075 0)
(0.225 0.075 0)
(0.23 0.075 0)
(0.235 0.075 0)
(0.24 0.075 0)
(0.245 0.075 0)
(0.25 0.075 0)
(0.255 0.075 0)
(0.26 0.075 0)
(0.265 0.075 0)
(0.27 0.075 0)
(0.275 0.075 0)
(0.28 0.075 0)
(0.285 0.075 0)
(0.29 0.075 0)
(0.295 0.075 0)
(0.3 0.075 0)
(0 0.08 0)
(0.005 0.08 0)
(0.01 0.08 0)
(0.015 0.08 0)
(0.02 0.08 0)
(0.025 0.08 0)
(0.03 0.08 0)
(0.035 0.08 0)
(0.04 0.08 0)
(0.045 0.08 0)
(0.05 0.08 0)
(0.055 0.08 0)
(0.06 0.08 0)
(0.065 0.08 0)
(0.07 0.08 0)
(0.075 0.08 0)
(0.08 0.08 0)
(0.085 0.08 0)
(0.09 0.08 0)
(0.095 0.08 0)
(0.1 0.08 0)
(0.105 0.08 0)
(0.11 0.08 0)
(0.115 0.08 0)
(0.12 0.08 0)
(0.125 0.08 0)
(0.13 0.08 0)
(0.135 0.08 0)
(0.14 0.08 0)
(0.145 0.08 0)
(0.15 0.08 0)
(0.155 0.08 0)
(0.16 0.08 0)
(0.165 0.08 0)
(0.17 0.08 0)
(0.175 0.08 0)
(0.18 0.08 0)
(0.185 0.08 0)
(0.19 0.08 0)
(0.195 0.08 0)
(0.2 0.08 0)
(0.205 0.08 0)
(0.21 0.08 0)
(0.215 0.08 0)
(0.22 0.08 0)
(0.225 0.08 0)
(0.23 0.08 0)
(0.235 0.08 0)
(0.24 0.08 0)
(0.245 0.08 0)
(0.25 0.08 0)
(0.255 0.08 0)
(0.26 0.08 0)
(0.265 0.08 0)
(0.27 0.08 0)
(0.275 0.08 0)
(0.28 0.08 0)
(0.285 0.08 0)
(0.29 0.08 0)
(0.295 0.08 0)
(0.3 0.08 0)
(0 0.085 0)
(0.005 0.085 0)
(0.01 0.085 0)
(0.015 0.085 0)
(0.02 0.085 0)
(0.025 0.085 0)
(0.03 0.085 0)
(0.035 0.085 0)
(0.04 0.085 0)
(0.045 0.085 0)
(0.05 0.085 0)
(0.055 0.085 0)
(0.06 0.085 0)
(0.065 0.085 0)
(0.07 0.085 0)
(0.075 0.085 0)
(0.08 0.085 0)
(0.085 0.085 0)
(0.09 0.085 0)
(0.095 0.085 0)
(0.1 0.085 0)
(0.105 0.085 0)
(0.11 0.085 0)
(0.115 0.085 0)
(0.12 0.085 0)
(0.125 0.085 0)
(0.13 0.085 0)
(0.135 0.085 0)
(0.14 0.085 0)
(0.145 0.085 0)
(0.15 0.085 0)
(0.155 0.085 0)
(0.16 0.085 0)
(0.165 0.085 0)
(0.17 0.085 0)
(0.175 0.085 0)
(0.18 0.085 0)
(0.185 0.085 0)
(0.19 0.085 0)
(0.195 0.085 0)
(0.2 0.085 0)
(0.205 0.085 0)
(0.21 0.085 0)
(0.215 0.085 0)
(0.22 0.085 0)
(0.225 0.085 0)
(0.23 0.085 0)
(0.235 0.085 0)
(0.24 0.085 0)
(0.245 0.085 0)
(0.25 0.085 0)
(0.255 0.085 0)
(0.26 0.085 0)
(0.265 0.085 0)
(0.27 0.085 0)
(0.275 0.085 0)
(0.28 0.085 0)
(0.285 0.085 0)
(0.29 0.085 0)
(0.295 0.085 0)
(0.3 0.085 0)
(0 0.09 0)
(0.005 0.09 0)
(0.01 0.09 0)
(0.015 0.09 0)
(0.02 0.09 0)
(0.025 0.09 0)
(0.03 0.09 0)
(0.035 0.09 0)
(0.04 0.09 0)
(0.045 0.09 0)
(0.05 0.09 0)
(0.055 0.09 0)
(0.06 0.09 0)
(0.065 0.09 0)
(0.07 0.09 0)
(0.075 0.09 0)
(0.08 0.09 0)
(0.085 0.09 0)
(0.09 0.09 0)
(0.095 0.09 0)
(0.1 0.09 0)
(0.105 0.09 0)
(0.11 0.09 0)
(0.115 0.09 0)
(0.12 0.09 0)
(0.125 0.09 0)
(0.13 0.09 0)
(0.135 0.09 0)
(0.14 0.09 0)
(0.145 0.09 0)
(0.15 0.09 0)
(0.155 0.09 0)
(0.16 0.09 0)
(0.165 0.09 0)
(0.17 0.09 0)
(0.175 0.09 0)
(0.18 0.09 0)
(0.185 0.09 0)
(0.19 0.09 0)
(0.195 0.09 0)
(0.2 0.09 0)
(0.205 0.09 0)
(0.21 0.09 0)
(0.215 0.09 0)
(0.22 0.09 0)
(0.225 0.09 0)
(0.23 0.09 0)
(0.235 0.09 0)
(0.24 0.09 0)
(0.245 0.09 0)
(0.25 0.09 0)
(0.255 0.09 0)
(0.26 0.09 0)
(0.265 0.09 0)
(0.27 0.09 0)
(0.275 0.09 0)
(0.28 0.09 0)
(0.285 0.09 0)
(0.29 0.09 0)
(0.295 0.09 0)
(0.3 0.09 0)
(0 0.095 0)
(0.005 0.095 0)
(0.01 0.095 0)
(0.015 0.095 0)
(0.02 0.095 0)
(0.025 0.095 0)
(0.03 0.095 0)
(0.035 0.095 0)
(0.04 0.095 0)
(0.045 0.095 0)
(0.05 0.095 0)
(0.055 0.095 0)
(0.06 0.095 0)
(0.065 0.095 0)
(0.07 0.095 0)
(0.075 0.095 0)
(0.08 0.095 0)
(0.085 0.095 0)
(0.09 0.095 0)
(0.095 0.095 0)
(0.1 0.095 0)
(0.105 0.095 0)
(0.11 0.095 0)
(0.115 0.095 0)
(0.12 0.095 0)
(0.125 0.095 0)
(0.13 0.095 0)
(0.135 0.095 0)
(0.14 0.095 0)
(0.145 0.095 0)
(0.15 0.095 0)
(0.155 0.095 0)
(0.16 0.095 0)
(0.165 0.095 0)
(0.17 0.095 0)
(0.175 0.095 0)
(0.18 0.095 0)
(0.185 0.095 0)
(0.19 0.095 0)
(0.195 0.095 0)
(0.2 0.095 0)
(0.205 0.095 0)
(0.21 0.095 0)
(0.215 0.095 0)
(0.22 0.095 0)
(0.225 0.095 0)
(0.23 0.095 0)
(0.235 0.095 0)
(0.24 0.095 0)
(0.245 0.095 0)
(0.25 0.095 0)
(0.255 0.095 0)
(0.26 0.095 0)
(0.265 0.095 0)
(0.27 0.095 0)
(0.275 0.095 0)
(0.28 0.095 0)
(0.285 0.095 0)
(0.29 0.095 0)
(0.295 0.095 0)
(0.3 0.095 0)
(0 0.1 0)
(0.005 0.1 0)
(0.01 0.1 0)
(0.015 0.1 0)
(0.02 0.1 0)
(0.025 0.1 0)
(0.03 0.1 0)
(0.035 0.1 0)
(0.04 0.1 0)
(0.045 0.1 0)
(0.05 0.1 0)
(0.055 0.1 0)
(0.06 0.1 0)
(0.065 0.1 0)
(0.07 0.1 0)
(0.075 0.1 0)
(0.08 0.1 0)
(0.085 0.1 0)
(0.09 0.1 0)
(0.095 0.1 0)
(0.1 0.1 0)
(0.105 0.1 0)
(0.11 0.1 0)
(0.115 0.1 0)
(0.12 0.1 0)
(0.125 0.1 0)
(0.13 0.1 0)
(0.135 0.1 0)
(0.14 0.1 0)
(0.145 0.1 0)
(0.15 0.1 0)
(0.155 0.1 0)
(0.16 0.1 0)
(0.165 0.1 0)
(0.17 0.1 0)
(0.175 0.1 0)
(0.18 0.1 0)
(0.185 0.1 0)
(0.19 0.1 0)
(0.195 0.1 0)
(0.2 0.1 0)
(0.205 0.1 0)
(0.21 0.1 0)
(0.215 0.1 0)
(0.22 0.1 0)
(0.225 0.1 0)
(0.23 0.1 0)
(0.235 0.1 0)
(0.24 0.1 0)
(0.245 0.1 0)
(0.25 0.1 0)
(0.255 0.1 0)
(0.26 0.1 0)
(0.265 0.1 0)
(0.27 0.1 0)
(0.275 0.1 0)
(0.28 0.1 0)
(0.285 0.1 0)
(0.29 0.1 0)
(0.295 0.1 0)
(0.3 0.1 0)
(0 0 0.01)
(0.005 0 0.01)
(0.01 0 0.01)
(0.015 0 0.01)
(0.02 0 0.01)
(0.025 0 0.01)
(0.03 0 0.01)
(0.035 0 0.01)
(0.04 0 0.01)
(0.045 0 0.01)
(0.05 0 0.01)
(0.055 0 0.01)
(0.06 0 0.01)
(0.065 0 0.01)
(0.07 0 0.01)
(0.075 0 0.01)
(0.08 0 0.01)
(0.085 0 0.01)
(0.09 0 0.01)
(0.095 0 0.01)
(0.1 0 0.01)
(0.105 0 0.01)
(0.11 0 0.01)
(0.115 0 0.01)
(0.12 0 0.01)
(0.125 0 0.01)
(0.13 0 0.01)
(0.135 0 0.01)
(0.14 0 0.01)
(0.145 0 0.01)
(0.15 0 0.01)
(0.155 0 0.01)
(0.16 0 0.01)
(0.165 0 0.01)
(0.17 0 0.01)
(0.175 0 0.01)
(0.18 0 0.01)
(0.185 0 0.01)
(0.19 0 0.01)
(0.195 0 0.01)
(0.2 0 0.01)
(0.205 0 0.01)
(0.21 0 0.01)
(0.215 0 0.01)
(0.22 0 0.01)
(0.225 0 0.01)
(0.23 0 0.01)
(0.235 0 0.01)
(0.24 0 0.01)
(0.245 0 0.01)
(0.25 0 0.01)
(0.255 0 0.01)
(0.26 0 0.01)
(0.265 0 0.01)
(0.27 0 0.01)
(0.275 0 0.01)
(0.28 0 0.01)
(0.285 0 0.01)
(0.29 0 0.01)
(0.295 0 0.01)
(0.3 0 0.01)
(0 0.005 0.01)
(0.005 0.005 0.01)
(0.01 0.005 0.01)
(0.015 0.005 0.01)
(0.02 0.005 0.01)
(0.025 0.005 0.01)
(0.03 0.005 0.01)
(0.035 0.005 0.01)
(0.04 0.005 0.01)
(0.045 0.005 0.01)
(0.05 0.005 0.01)
(0.055 0.005 0.01)
(0.06 0.005 0.01)
(0.065 0.005 0.01)
(0.07 0.005 0.01)
(0.075 0.005 0.01)
(0.08 0.005 0.01)
(0.085 0.005 0.01)
(0.09 0.005 0.01)
(0.095 0.005 0.01)
(0.1 0.005 0.01)
(0.105 0.005 0.01)
(0.11 0.005 0.01)
(0.115 0.005 0.01)
(0.12 0.005 0.01)
(0.125 0.005 0.01)
(0.13 0.005 0.01)
(0.135 0.005 0.01)
(0.14 0.005 0.01)
(0.145 0.005 0.01)
(0.15 0.005 0.01)
(0.155 0.005 0.01)
(0.16 0.005 0.01)
(0.165 0.005 0.01)
(0.17 0.005 0.01)
(0.175 0.005 0.01)
(0.18 0.005 0.01)
(0.185 0.005 0.01)
(0.19 0.005 0.01)
(0.195 0.005 0.01)
(0.2 0.005 0.01)
(0.205 0.005 0.01)
(0.21 0.005 0.01)
(0.215 0.005 0.01)
(0.22 0.005 0.01)
(0.225 0.005 0.01)
(0.23 0.005 0.01)
(0.235 0.005 0.01)
(0.24 0.005 0.01)
(0.245 0.005 0.01)
(0.25 0.005 0.01)
(0.255 0.005 0.01)
(0.26 0.005 0.01)
(0.265 0.005 0.01)
(0.27 0.005 0.01)
(0.275 0.005 0.01)
(0.28 0.005 0.01)
(0.285 0.005 0.01)
(0.29 0.005 0.01)
(0.295 0.005 0.01)
(0.3 0.005 0.01)
(0 0.01 0.01)
(0.005 0.01 0.01)
(0.01 0.01 0.01)
(0.015 0.01 0.01)
(0.02 0.01 0.01)
(0.025 0.01 0.01)
(0.03 0.01 0.01)
(0.035 0.01 0.01)
(0.04 0.01 0.01)
(0.045 0.01 0.01)
(0.05 0.01 0.01)
(0.055 0.01 0.01)
(0.06 0.01 0.01)
(0.065 0.01 0.01)
(0.07 0.01 0.01)
(0.075 0.01 0.01)
(0.08 0.01 0.01)
(0.085 0.01 0.01)
(0.09 0.01 0.01)
(0.095 0.01 0.01)
(0.1 0.01 0.01)
(0.105 0.01 0.01)
(0.11 0.01 0.01)
(0.115 0.01 0.01)
(0.12 0.01 0.01)
(0.125 0.01 0.01)
(0.13 0.01 0.01)
(0.135 0.01 0.01)
(0.14 0.01 0.01)
(0.145 0.01 0.01)
(0.15 0.01 0.01)
(0.155 0.01 0.01)
(0.16 0.01 0.01)
(0.165 0.01 0.01)
(0.17 0.01 0.01)
(0.175 0.01 0.01)
(0.18 0.01 0.01)
(0.185 0.01 0.01)
(0.19 0.01 0.01)
(0.195 0.01 0.01)
(0.2 0.01 0.01)
(0.205 0.01 0.01)
(0.21 0.01 0.01)
(0.215 0.01 0.01)
(0.22 0.01 0.01)
(0.225 0.01 0.01)
(0.23 0.01 0.01)
(0.235 0.01 0.01)
(0.24 0.01 0.01)
(0.245 0.01 0.01)
(0.25 0.01 0.01)
(0.255 0.01 0.01)
(0.26 0.01 0.01)
(0.265 0.01 0.01)
(0.27 0.01 0.01)
(0.275 0.01 0.01)
(0.28 0.01 0.01)
(0.285 0.01 0.01)
(0.29 0.01 0.01)
(0.295 0.01 0.01)
(0.3 0.01 0.01)
(0 0.015 0.01)
(0.005 0.015 0.01)
(0.01 0.015 0.01)
(0.015 0.015 0.01)
(0.02 0.015 0.01)
(0.025 0.015 0.01)
(0.03 0.015 0.01)
(0.035 0.015 0.01)
(0.04 0.015 0.01)
(0.045 0.015 0.01)
(0.05 0.015 0.01)
(0.055 0.015 0.01)
(0.06 0.015 0.01)
(0.065 0.015 0.01)
(0.07 0.015 0.01)
(0.075 0.015 0.01)
(0.08 0.015 0.01)
(0.085 0.015 0.01)
(0.09 0.015 0.01)
(0.095 0.015 0.01)
(0.1 0.015 0.01)
(0.105 0.015 0.01)
(0.11 0.015 0.01)
(0.115 0.015 0.01)
(0.12 0.015 0.01)
(0.125 0.015 0.01)
(0.13 0.015 0.01)
(0.135 0.015 0.01)
(0.14 0.015 0.01)
(0.145 0.015 0.01)
(0.15 0.015 0.01)
(0.155 0.015 0.01)
(0.16 0.015 0.01)
(0.165 0.015 0.01)
(0.17 0.015 0.01)
(0.175 0.015 0.01)
(0.18 0.015 0.01)
(0.185 0.015 0.01)
(0.19 0.015 0.01)
(0.195 0.015 0.01)
(0.2 0.015 0.01)
(0.205 0.015 0.01)
(0.21 0.015 0.01)
(0.215 0.015 0.01)
(0.22 0.015 0.01)
(0.225 0.015 0.01)
(0.23 0.015 0.01)
(0.235 0.015 0.01)
(0.24 0.015 0.01)
(0.245 0.015 0.01)
(0.25 0.015 0.01)
(0.255 0.015 0.01)
(0.26 0.015 0.01)
(0.265 0.015 0.01)
(0.27 0.015 0.01)
(0.275 0.015 0.01)
(0.28 0.015 0.01)
(0.285 0.015 0.01)
(0.29 0.015 0.01)
(0.295 0.015 0.01)
(0.3 0.015 0.01)
(0 0.02 0.01)
(0.005 0.02 0.01)
(0.01 0.02 0.01)
(0.015 0.02 0.01)
(0.02 0.02 0.01)
(0.025 0.02 0.01)
(0.03 0.02 0.01)
(0.035 0.02 0.01)
(0.04 0.02 0.01)
(0.045 0.02 0.01)
(0.05 0.02 0.01)
(0.055 0.02 0.01)
(0.06 0.02 0.01)
(0.065 0.02 0.01)
(0.07 0.02 0.01)
(0.075 0.02 0.01)
(0.08 0.02 0.01)
(0.085 0.02 0.01)
(0.09 0.02 0.01)
(0.095 0.02 0.01)
(0.1 0.02 0.01)
(0.105 0.02 0.01)
(0.11 0.02 0.01)
(0.115 0.02 0.01)
(0.12 0.02 0.01)
(0.125 0.02 0.01)
(0.13 0.02 0.01)
(0.135 0.02 0.01)
(0.14 0.02 0.01)
(0.145 0.02 0.01)
(0.15 0.02 0.01)
(0.155 0.02 0.01)
(0.16 0.02 0.01)
(0.165 0.02 0.01)
(0.17 0.02 0.01)
(0.175 0.02 0.01)
(0.18 0.02 0.01)
(0.185 0.02 0.01)
(0.19 0.02 0.01)
(0.195 0.02 0.01)
(0.2 0.02 0.01)
(0.205 0.02 0.01)
(0.21 0.02 0.01)
(0.215 0.02 0.01)
(0.22 0.02 0.01)
(0.225 0.02 0.01)
(0.23 0.02 0.01)
(0.235 0.02 0.01)
(0.24 0.02 0.01)
(0.245 0.02 0.01)
(0.25 0.02 0.01)
(0.255 0.02 0.01)
(0.26 0.02 0.01)
(0.265 0.02 0.01)
(0.27 0.02 0.01)
(0.275 0.02 0.01)
(0.28 0.02 0.01)
(0.285 0.02 0.01)
(0.29 0.02 0.01)
(0.295 0.02 0.01)
(0.3 0.02 0.01)
(0 0.025 0.01)
(0.005 0.025 0.01)
(0.01 0.025 0.01)
(0.015 0.025 0.01)
(0.02 0.025 0.01)
(0.025 0.025 0.01)
(0.03 0.025 0.01)
(0.035 0.025 0.01)
(0.04 0.025 0.01)
(0.045 0.025 0.01)
(0.05 0.025 0.01)
(0.055 0.025 0.01)
(0.06 0.025 0.01)
(0.065 0.025 0.01)
(0.07 0.025 0.01)
(0.075 0.025 0.01)
(0.08 0.025 0.01)
(0.085 0.025 0.01)
(0.09 0.025 0.01)
(0.095 0.025 0.01)
(0.1 0.025 0.01)
(0.105 0.025 0.01)
(0.11 0.025 0.01)
(0.115 0.025 0.01)
(0.12 0.025 0.01)
(0.125 0.025 0.01)
(0.13 0.025 0.01)
(0.135 0.025 0.01)
(0.14 0.025 0.01)
(0.145 0.025 0.01)
(0.15 0.025 0.01)
(0.155 0.025 0.01)
(0.16 0.025 0.01)
(0.165 0.025 0.01)
(0.17 0.025 0.01)
(0.175 0.025 0.01)
(0.18 0.025 0.01)
(0.185 0.025 0.01)
(0.19 0.025 0.01)
(0.195 0.025 0.01)
(0.2 0.025 0.01)
(0.205 0.025 0.01)
(0.21 0.025 0.01)
(0.215 0.025 0.01)
(0.22 0.025 0.01)
(0.225 0.025 0.01)
(0.23 0.025 0.01)
(0.235 0.025 0.01)
(0.24 0.025 0.01)
(0.245 0.025 0.01)
(0.25 0.025 0.01)
(0.255 0.025 0.01)
(0.26 0.025 0.01)
(0.265 0.025 0.01)
(0.27 0.025 0.01)
(0.275 0.025 0.01)
(0.28 0.025 0.01)
(0.285 0.025 0.01)
(0.29 0.025 0.01)
(0.295 0.025 0.01)
(0.3 0.025 0.01)
(0 0.03 0.01)
(0.005 0.03 0.01)
(0.01 0.03 0.01)
(0.015 0.03 0.01)
(0.02 0.03 0.01)
(0.025 0.03 0.01)
(0.03 0.03 0.01)
(0.035 0.03 0.01)
(0.04 0.03 0.01)
(0.045 0.03 0.01)
(0.05 0.03 0.01)
(0.055 0.03 0.01)
(0.06 0.03 0.01)
(0.065 0.03 0.01)
(0.07 0.03 0.01)
(0.075 0.03 0.01)
(0.08 0.03 0.01)
(0.085 0.03 0.01)
(0.09 0.03 0.01)
(0.095 0.03 0.01)
(0.1 0.03 0.01)
(0.105 0.03 0.01)
(0.11 0.03 0.01)
(0.115 0.03 0.01)
(0.12 0.03 0.01)
(0.125 0.03 0.01)
(0.13 0.03 0.01)
(0.135 0.03 0.01)
(0.14 0.03 0.01)
(0.145 0.03 0.01)
(0.15 0.03 0.01)
(0.155 0.03 0.01)
(0.16 0.03 0.01)
(0.165 0.03 0.01)
(0.17 0.03 0.01)
(0.175 0.03 0.01)
(0.18 0.03 0.01)
(0.185 0.03 0.01)
(0.19 0.03 0.01)
(0.195 0.03 0.01)
(0.2 0.03 0.01)
(0.205 0.03 0.01)
(0.21 0.03 0.01)
(0.215 0.03 0.01)
(0.22 0.03 0.01)
(0.225 0.03 0.01)
(0.23 0.03 0.01)
(0.235 0.03 0.01)
(0.24 0.03 0.01)
(0.245 0.03 0.01)
(0.25 0.03 0.01)
(0.255 0.03 0.01)
(0.26 0.03 0.01)
(0.265 0.03 0.01)
(0.27 0.03 0.01)
(0.275 0.03 0.01)
(0.28 0.03 0.01)
(0.285 0.03 0.01)
(0.29 0.03 0.01)
(0.295 0.03 0.01)
(0.3 0.03 0.01)
(0 0.035 0.01)
(0.005 0.035 0.01)
(0.01 0.035 0.01)
(0.015 0.035 0.01)
(0.02 0.035 0.01)
(0.025 0.035 0.01)
(0.03 0.035 0.01)
(0.035 0.035 0.01)
(0.04 0.035 0.01)
(0.045 0.035 0.01)
(0.05 0.035 0.01)
(0.055 0.035 0.01)
(0.06 0.035 0.01)
(0.065 0.035 0.01)
(0.07 0.035 0.01)
(0.075 0.035 0.01)
(0.08 0.035 0.01)
(0.085 0.035 0.01)
(0.09 0.035 0.01)
(0.095 0.035 0.01)
(0.1 0.035 0.01)
(0.105 0.035 0.01)
(0.11 0.035 0.01)
(0.115 0.035 0.01)
(0.12 0.035 0.01)
(0.125 0.035 0.01)
(0.13 0.035 0.01)
(0.135 0.035 0.01)
(0.14 0.035 0.01)
(0.145 0.035 0.01)
(0.15 0.035 0.01)
(0.155 0.035 0.01)
(0.16 0.035 0.01)
(0.165 0.035 0.01)
(0.17 0.035 0.01)
(0.175 0.035 0.01)
(0.18 0.035 0.01)
(0.185 0.035 0.01)
(0.19 0.035 0.01)
(0.195 0.035 0.01)
(0.2 0.035 0.01)
(0.205 0.035 0.01)
(0.21 0.035 0.01)
(0.215 0.035 0.01)
(0.22 0.035 0.01)
(0.225 0.035 0.01)
(0.23 0.035 0.01)
(0.235 0.035 0.01)
(0.24 0.035 0.01)
(0.245 0.035 0.01)
(0.25 0.035 0.01)
(0.255 0.035 0.01)
(0.26 0.035 0.01)
(0.265 0.035 0.01)
(0.27 0.035 0.01)
(0.275 0.035 0.01)
(0.28 0.035 0.01)
(0.285 0.035 0.01)
(0.29 0.035 0.01)
(0.295 0.035 0.01)
(0.3 0.035 0.01)
(0 0.04 0.01)
(0.005 0.04 0.01)
(0.01 0.04 0.01)
(0.015 0.04 0.01)
(0.02 0.04 0.01)
(0.025 0.04 0.01)
(0.03 0.04 0.01)
(0.035 0.04 0.01)
(0.04 0.04 0.01)
(0.045 0.04 0.01)
(0.05 0.04 0.01)
(0.055 0.04 0.01)
(0.06 0.04 0.01)
(0.065 0.04 0.01)
(0.07 0.04 0.01)
(0.075 0.04 0.01)
(0.08 0.04 0.01)
(0.085 0.04 0.01)
(0.09 0.04 0.01)
(0.095 0.04 0.01)
(0.1 0.04 0.01)
(0.105 0.04 0.01)
(0.11 0.04 0.01)
(0.115 0.04 0.01)
(0.12 0.04 0.01)
(0.125 0.04 0.01)
(0.13 0.04 0.01)
(0.135 0.04 0.01)
(0.14 0.04 0.01)
(0.145 0.04 0.01)
(0.15 0.04 0.01)
(0.155 0.04 0.01)
(0.16 0.04 0.01)
(0.165 0.04 0.01)
(0.17 0.04 0.01)
(0.175 0.04 0.01)
(0.18 0.04 0.01)
(0.185 0.04 0.01)
(0.19 0.04 0.01)
(0.195 0.04 0.01)
(0.2 0.04 0.01)
(0.205 0.04 0.01)
(0.21 0.04 0.01)
(0.215 0.04 0.01)
(0.22 0.04 0.01)
(0.225 0.04 0.01)
(0.23 0.04 0.01)
(0.235 0.04 0.01)
(0.24 0.04 0.01)
(0.245 0.04 0.01)
(0.25 0.04 0.01)
(0.255 0.04 0.01)
(0.26 0.04 0.01)
(0.265 0.04 0.01)
(0.27 0.04 0.01)
(0.275 0.04 0.01)
(0.28 0.04 0.01)
(0.285 0.04 0.01)
(0.29 0.04 0.01)
(0.295 0.04 0.01)
(0.3 0.04 0.01)
(0 0.045 0.01)
(0.005 0.045 0.01)
(0.01 0.045 0.01)
(0.015 0.045 0.01)
(0.02 0.045 0.01)
(0.025 0.045 0.01)
(0.03 0.045 0.01)
(0.035 0.045 0.01)
(0.04 0.045 0.01)
(0.045 0.045 0.01)
(0.05 0.045 0.01)
(0.055 0.045 0.01)
(0.06 0.045 0.01)
(0.065 0.045 0.01)
(0.07 0.045 0.01)
(0.075 0.045 0.01)
(0.08 0.045 0.01)
(0.085 0.045 0.01)
(0.09 0.045 0.01)
(0.095 0.045 0.01)
(0.1 0.045 0.01)
(0.105 0.045 0.01)
(0.11 0.045 0.01)
(0.115 0.045 0.01)
(0.12 0.045 0.01)
(0.125 0.045 0.01)
(0.13 0.045 0.01)
(0.135 0.045 0.01)
(0.14 0.045 0.01)
(0.145 0.045 0.01)
(0.15 0.045 0.01)
(0.155 0.045 0.01)
(0.16 0.045 0.01)
(0.165 0.045 0.01)
(0.17 0.045 0.01)
(0.175 0.045 0.01)
(0.18 0.045 0.01)
(0.185 0.045 0.01)
(0.19 0.045 0.01)
(0.195 0.045 0.01)
(0.2 0.045 0.01)
(0.205 0.045 0.01)
(0.21 0.045 0.01)
(0.215 0.045 0.01)
(0.22 0.045 0.01)
(0.225 0.045 0.01)
(0.23 0.045 0.01)
(0.235 0.045 0.01)
(0.24 0.045 0.01)
(0.245 0.045 0.01)
(0.25 0.045 0.01)
(0.255 0.045 0.01)
(0.26 0.045 0.01)
(0.265 0.045 0.01)
(0.27 0.045 0.01)
(0.275 0.045 0.01)
(0.28 0.045 0.01)
(0.285 0.045 0.01)
(0.29 0.045 0.01)
(0.295 0.045 0.01)
(0.3 0.045 0.01)
(0 0.05 0.01)
(0.005 0.05 0.01)
(0.01 0.05 0.01)
(0.015 0.05 0.01)
(0.02 0.05 0.01)
(0.025 0.05 0.01)
(0.03 0.05 0.01)
(0.035 0.05 0.01)
(0.04 0.05 0.01)
(0.045 0.05 0.01)
(0.05 0.05 0.01)
(0.055 0.05 0.01)
(0.06 0.05 0.01)
(0.065 0.05 0.01)
(0.07 0.05 0.01)
(0.075 0.05 0.01)
(0.08 0.05 0.01)
(0.085 0.05 0.01)
(0.09 0.05 0.01)
(0.095 0.05 0.01)
(0.1 0.05 0.01)
(0.105 0.05 0.01)
(0.11 0.05 0.01)
(0.115 0.05 0.01)
(0.12 0.05 0.01)
(0.125 0.05 0.01)
(0.13 0.05 0.01)
(0.135 0.05 0.01)
(0.14 0.05 0.01)
(0.145 0.05 0.01)
(0.15 0.05 0.01)
(0.155 0.05 0.01)
(0.16 0.05 0.01)
(0.165 0.05 0.01)
(0.17 0.05 0.01)
(0.175 0.05 0.01)
(0.18 0.05 0.01)
(0.185 0.05 0.01)
(0.19 0.05 0.01)
(0.195 0.05 0.01)
(0.2 0.05 0.01)
(0.205 0.05 0.01)
(0.21 0.05 0.01)
(0.215 0.05 0.01)
(0.22 0.05 0.01)
(0.225 0.05 0.01)
(0.23 0.05 0.01)
(0.235 0.05 0.01)
(0.24 0.05 0.01)
(0.245 0.05 0.01)
(0.25 0.05 0.01)
(0.255 0.05 0.01)
(0.26 0.05 0.01)
(0.265 0.05 0.01)
(0.27 0.05 0.01)
(0.275 0.05 0.01)
(0.28 0.05 0.01)
(0.285 0.05 0.01)
(0.29 0.05 0.01)
(0.295 0.05 0.01)
(0.3 0.05 0.01)
(0 0.055 0.01)
(0.005 0.055 0.01)
(0.01 0.055 0.01)
(0.015 0.055 0.01)
(0.02 0.055 0.01)
(0.025 0.055 0.01)
(0.03 0.055 0.01)
(0.035 0.055 0.01)
(0.04 0.055 0.01)
(0.045 0.055 0.01)
(0.05 0.055 0.01)
(0.055 0.055 0.01)
(0.06 0.055 0.01)
(0.065 0.055 0.01)
(0.07 0.055 0.01)
(0.075 0.055 0.01)
(0.08 0.055 0.01)
(0.085 0.055 0.01)
(0.09 0.055 0.01)
(0.095 0.055 0.01)
(0.1 0.055 0.01)
(0.105 0.055 0.01)
(0.11 0.055 0.01)
(0.115 0.055 0.01)
(0.12 0.055 0.01)
(0.125 0.055 0.01)
(0.13 0.055 0.01)
(0.135 0.055 0.01)
(0.14 0.055 0.01)
(0.145 0.055 0.01)
(0.15 0.055 0.01)
(0.155 0.055 0.01)
(0.16 0.055 0.01)
(0.165 0.055 0.01)
(0.17 0.055 0.01)
(0.175 0.055 0.01)
(0.18 0.055 0.01)
(0.185 0.055 0.01)
(0.19 0.055 0.01)
(0.195 0.055 0.01)
(0.2 0.055 0.01)
(0.205 0.055 0.01)
(0.21 0.055 0.01)
(0.215 0.055 0.01)
(0.22 0.055 0.01)
(0.225 0.055 0.01)
(0.23 0.055 0.01)
(0.235 0.055 0.01)
(0.24 0.055 0.01)
(0.245 0.055 0.01)
(0.25 0.055 0.01)
(0.255 0.055 0.01)
(0.26 0.055 0.01)
(0.265 0.055 0.01)
(0.27 0.055 0.01)
(0.275 0.055 0.01)
(0.28 0.055 0.01)
(0.285 0.055 0.01)
(0.29 0.055 0.01)
(0.295 0.055 0.01)
(0.3 0.055 0.01)
(0 0.06 0.01)
(0.005 0.06 0.01)
(0.01 0.06 0.01)
(0.015 0.06 0.01)
(0.02 0.06 0.01)
(0.025 0.06 0.01)
(0.03 0.06 0.01)
(0.035 0.06 0.01)
(0.04 0.06 0.01)
(0.045 0.06 0.01)
(0.05 0.06 0.01)
(0.055 0.06 0.01)
(0.06 0.06 0.01)
(0.065 0.06 0.01)
(0.07 0.06 0.01)
(0.075 0.06 0.01)
(0.08 0.06 0.01)
(0.085 0.06 0.01)
(0.09 0.06 0.01)
(0.095 0.06 0.01)
(0.1 0.06 0.01)
(0.105 0.06 0.01)
(0.11 0.06 0.01)
(0.115 0.06 0.01)
(0.12 0.06 0.01)
(0.125 0.06 0.01)
(0.13 0.06 0.01)
(0.135 0.06 0.01)
(0.14 0.06 0.01)
(0.145 0.06 0.01)
(0.15 0.06 0.01)
(0.155 0.06 0.01)
(0.16 0.06 0.01)
(0.165 0.06 0.01)
(0.17 0.06 0.01)
(0.175 0.06 0.01)
(0.18 0.06 0.01)
(0.185 0.06 0.01)
(0.19 0.06 0.01)
(0.195 0.06 0.01)
(0.2 0.06 0.01)
(0.205 0.06 0.01)
(0.21 0.06 0.01)
(0.215 0.06 0.01)
(0.22 0.06 0.01)
(0.225 0.06 0.01)
(0.23 0.06 0.01)
(0.235 0.06 0.01)
(0.24 0.06 0.01)
(0.245 0.06 0.01)
(0.25 0.06 0.01)
(0.255 0.06 0.01)
(0.26 0.06 0.01)
(0.265 0.06 0.01)
(0.27 0.06 0.01)
(0.275 0.06 0.01)
(0.28 0.06 0.01)
(0.285 0.06 0.01)
(0.29 0.06 0.01)
(0.295 0.06 0.01)
(0.3 0.06 0.01)
(0 0.065 0.01)
(0.005 0.065 0.01)
(0.01 0.065 0.01)
(0.015 0.065 0.01)
(0.02 0.065 0.01)
(0.025 0.065 0.01)
(0.03 0.065 0.01)
(0.035 0.065 0.01)
(0.04 0.065 0.01)
(0.045 0.065 0.01)
(0.05 0.065 0.01)
(0.055 0.065 0.01)
(0.06 0.065 0.01)
(0.065 0.065 0.01)
(0.07 0.065 0.01)
(0.075 0.065 0.01)
(0.08 0.065 0.01)
(0.085 0.065 0.01)
(0.09 0.065 0.01)
(0.095 0.065 0.01)
(0.1 0.065 0.01)
(0.105 0.065 0.01)
(0.11 0.065 0.01)
(0.115 0.065 0.01)
(0.12 0.065 0.01)
(0.125 0.065 0.01)
(0.13 0.065 0.01)
(0.135 0.065 0.01)
(0.14 0.065 0.01)
(0.145 0.065 0.01)
(0.15 0.065 0.01)
(0.155 0.065 0.01)
(0.16 0.065 0.01)
(0.165 0.065 0.01)
(0.17 0.065 0.01)
(0.175 0.065 0.01)
(0.18 0.065 0.01)
(0.185 0.065 0.01)
(0.19 0.065 0.01)
(0.195 0.065 0.01)
(0.2 0.065 0.01)
(0.205 0.065 0.01)
(0.21 0.065 0.01)
(0.215 0.065 0.01)
(0.22 0.065 0.01)
(0.225 0.065 0.01)
(0.23 0.065 0.01)
(0.235 0.065 0.01)
(0.24 0.065 0.01)
(0.245 0.065 0.01)
(0.25 0.065 0.01)
(0.255 0.065 0.01)
(0.26 0.065 0.01)
(0.265 0.065 0.01)
(0.27 0.065 0.01)
(0.275 0.065 0.01)
(0.28 0.065 0.01)
(0.285 0.065 0.01)
(0.29 0.065 0.01)
(0.295 0.065 0.01)
(0.3 0.065 0.01)
(0 0.07 0.01)
(0.005 0.07 0.01)
(0.01 0.07 0.01)
(0.015 0.07 0.01)
(0.02 0.07 0.01)
(0.025 0.07 0.01)
(0.03 0.07 0.01)
(0.035 0.07 0.01)
(0.04 0.07 0.01)
(0.045 0.07 0.01)
(0.05 0.07 0.01)
(0.055 0.07 0.01)
(0.06 0.07 0.01)
(0.065 0.07 0.01)
(0.07 0.07 0.01)
(0.075 0.07 0.01)
(0.08 0.07 0.01)
(0.085 0.07 0.01)
(0.09 0.07 0.01)
(0.095 0.07 0.01)
(0.1 0.07 0.01)
(0.105 0.07 0.01)
(0.11 0.07 0.01)
(0.115 0.07 0.01)
(0.12 0.07 0.01)
(0.125 0.07 0.01)
(0.13 0.07 0.01)
(0.135 0.07 0.01)
(0.14 0.07 0.01)
(0.145 0.07 0.01)
(0.15 0.07 0.01)
(0.155 0.07 0.01)
(0.16 0.07 0.01)
(0.165 0.07 0.01)
(0.17 0.07 0.01)
(0.175 0.07 0.01)
(0.18 0.07 0.01)
(0.185 0.07 0.01)
(0.19 0.07 0.01)
(0.195 0.07 0.01)
(0.2 0.07 0.01)
(0.205 0.07 0.01)
(0.21 0.07 0.01)
(0.215 0.07 0.01)
(0.22 0.07 0.01)
(0.225 0.07 0.01)
(0.23 0.07 0.01)
(0.235 0.07 0.01)
(0.24 0.07 0.01)
(0.245 0.07 0.01)
(0.25 0.07 0.01)
(0.255 0.07 0.01)
(0.26 0.07 0.01)
(0.265 0.07 0.01)
(0.27 0.07 0.01)
(0.275 0.07 0.01)
(0.28 0.07 0.01)
(0.285 0.07 0.01)
(0.29 0.07 0.01)
(0.295 0.07 0.01)
(0.3 0.07 0.01)
(0 0.075 0.01)
(0.005 0.075 0.01)
(0.01 0.075 0.01)
(0.015 0.075 0.01)
(0.02 0.075 0.01)
(0.025 0.075 0.01)
(0.03 0.075 0.01)
(0.035 0.075 0.01)
(0.04 0.075 0.01)
(0.045 0.075 0.01)
(0.05 0.075 0.01)
(0.055 0.075 0.01)
(0.06 0.075 0.01)
(0.065 0.075 0.01)
(0.07 0.075 0.01)
(0.075 0.075 0.01)
(0.08 0.075 0.01)
(0.085 0.075 0.01)
(0.09 0.075 0.01)
(0.095 0.075 0.01)
(0.1 0.075 0.01)
(0.105 0.075 0.01)
(0.11 0.075 0.01)
(0.115 0.075 0.01)
(0.12 0.075 0.01)
(0.125 0.075 0.01)
(0.13 0.075 0.01)
(0.135 0.075 0.01)
(0.14 0.075 0.01)
(0.145 0.075 0.01)
(0.15 0.075 0.01)
(0.155 0.075 0.01)
(0.16 0.075 0.01)
(0.165 0.075 0.01)
(0.17 0.075 0.01)
(0.175 0.075 0.01)
(0.18 0.075 0.01)
(0.185 0.075 0.01)
(0.19 0.075 0.01)
(0.195 0.075 0.01)
(0.2 0.075 0.01)
(0.205 0.075 0.01)
(0.21 0.075 0.01)
(0.215 0.075 0.01)
(0.22 0.075 0.01)
(0.225 0.075 0.01)
(0.23 0.075 0.01)
(0.235 0.075 0.01)
(0.24 0.075 0.01)
(0.245 0.075 0.01)
(0.25 0.075 0.01)
(0.255 0.075 0.01)
(0.26 0.075 0.01)
(0.265 0.075 0.01)
(0.27 0.075 0.01)
(0.275 0.075 0.01)
(0.28 0.075 0.01)
(0.285 0.075 0.01)
(0.29 0.075 0.01)
(0.295 0.075 0.01)
(0.3 0.075 0.01)
(0 0.08 0.01)
(0.005 0.08 0.01)
(0.01 0.08 0.01)
(0.015 0.08 0.01)
(0.02 0.08 0.01)
(0.025 0.08 0.01)
(0.03 0.08 0.01)
(0.035 0.08 0.01)
(0.04 0.08 0.01)
(0.045 0.08 0.01)
(0.05 0.08 0.01)
(0.055 0.08 0.01)
(0.06 0.08 0.01)
(0.065 0.08 0.01)
(0.07 0.08 0.01)
(0.075 0.08 0.01)
(0.08 0.08 0.01)
(0.085 0.08 0.01)
(0.09 0.08 0.01)
(0.095 0.08 0.01)
(0.1 0.08 0.01)
(0.105 0.08 0.01)
(0.11 0.08 0.01)
(0.115 0.08 0.01)
(0.12 0.08 0.01)
(0.125 0.08 0.01)
(0.13 0.08 0.01)
(0.135 0.08 0.01)
(0.14 0.08 0.01)
(0.145 0.08 0.01)
(0.15 0.08 0.01)
(0.155 0.08 0.01)
(0.16 0.08 0.01)
(0.165 0.08 0.01)
(0.17 0.08 0.01)
(0.175 0.08 0.01)
(0.18 0.08 0.01)
(0.185 0.08 0.01)
(0.19 0.08 0.01)
(0.195 0.08 0.01)
(0.2 0.08 0.01)
(0.205 0.08 0.01)
(0.21 0.08 0.01)
(0.215 0.08 0.01)
(0.22 0.08 0.01)
(0.225 0.08 0.01)
(0.23 0.08 0.01)
(0.235 0.08 0.01)
(0.24 0.08 0.01)
(0.245 0.08 0.01)
(0.25 0.08 0.01)
(0.255 0.08 0.01)
(0.26 0.08 0.01)
(0.265 0.08 0.01)
(0.27 0.08 0.01)
(0.275 0.08 0.01)
(0.28 0.08 0.01)
(0.285 0.08 0.01)
(0.29 0.08 0.01)
(0.295 0.08 0.01)
(0.3 0.08 0.01)
(0 0.085 0.01)
(0.005 0.085 0.01)
(0.01 0.085 0.01)
(0.015 0.085 0.01)
(0.02 0.085 0.01)
(0.025 0.085 0.01)
(0.03 0.085 0.01)
(0.035 0.085 0.01)
(0.04 0.085 0.01)
(0.045 0.085 0.01)
(0.05 0.085 0.01)
(0.055 0.085 0.01)
(0.06 0.085 0.01)
(0.065 0.085 0.01)
(0.07 0.085 0.01)
(0.075 0.085 0.01)
(0.08 0.085 0.01)
(0.085 0.085 0.01)
(0.09 0.085 0.01)
(0.095 0.085 0.01)
(0.1 0.085 0.01)
(0.105 0.085 0.01)
(0.11 0.085 0.01)
(0.115 0.085 0.01)
(0.12 0.085 0.01)
(0.125 0.085 0.01)
(0.13 0.085 0.01)
(0.135 0.085 0.01)
(0.14 0.085 0.01)
(0.145 0.085 0.01)
(0.15 0.085 0.01)
(0.155 0.085 0.01)
(0.16 0.085 0.01)
(0.165 0.085 0.01)
(0.17 0.085 0.01)
(0.175 0.085 0.01)
(0.18 0.085 0.01)
(0.185 0.085 0.01)
(0.19 0.085 0.01)
(0.195 0.085 0.01)
(0.2 0.085 0.01)
(0.205 0.085 0.01)
(0.21 0.085 0.01)
(0.215 0.085 0.01)
(0.22 0.085 0.01)
(0.225 0.085 0.01)
(0.23 0.085 0.01)
(0.235 0.085 0.01)
(0.24 0.085 0.01)
(0.245 0.085 0.01)
(0.25 0.085 0.01)
(0.255 0.085 0.01)
(0.26 0.085 0.01)
(0.265 0.085 0.01)
(0.27 0.085 0.01)
(0.275 0.085 0.01)
(0.28 0.085 0.01)
(0.285 0.085 0.01)
(0.29 0.085 0.01)
(0.295 0.085 0.01)
(0.3 0.085 0.01)
(0 0.09 0.01)
(0.005 0.09 0.01)
(0.01 0.09 0.01)
(0.015 0.09 0.01)
(0.02 0.09 0.01)
(0.025 0.09 0.01)
(0.03 0.09 0.01)
(0.035 0.09 0.01)
(0.04 0.09 0.01)
(0.045 0.09 0.01)
(0.05 0.09 0.01)
(0.055 0.09 0.01)
(0.06 0.09 0.01)
(0.065 0.09 0.01)
(0.07 0.09 0.01)
(0.075 0.09 0.01)
(0.08 0.09 0.01)
(0.085 0.09 0.01)
(0.09 0.09 0.01)
(0.095 0.09 0.01)
(0.1 0.09 0.01)
(0.105 0.09 0.01)
(0.11 0.09 0.01)
(0.115 0.09 0.01)
(0.12 0.09 0.01)
(0.125 0.09 0.01)
(0.13 0.09 0.01)
(0.135 0.09 0.01)
(0.14 0.09 0.01)
(0.145 0.09 0.01)
(0.15 0.09 0.01)
(0.155 0.09 0.01)
(0.16 0.09 0.01)
(0.165 0.09 0.01)
(0.17 0.09 0.01)
(0.175 0.09 0.01)
(0.18 0.09 0.01)
(0.185 0.09 0.01)
(0.19 0.09 0.01)
(0.195 0.09 0.01)
(0.2 0.09 0.01)
(0.205 0.09 0.01)
(0.21 0.09 0.01)
(0.215 0.09 0.01)
(0.22 0.09 0.01)
(0.225 0.09 0.01)
(0.23 0.09 0.01)
(0.235 0.09 0.01)
(0.24 0.09 0.01)
(0.245 0.09 0.01)
(0.25 0.09 0.01)
(0.255 0.09 0.01)
(0.26 0.09 0.01)
(0.265 0.09 0.01)
(0.27 0.09 0.01)
(0.275 0.09 0.01)
(0.28 0.09 0.01)
(0.285 0.09 0.01)
(0.29 0.09 0.01)
(0.295 0.09 0.01)
(0.3 0.09 0.01)
(0 0.095 0.01)
(0.005 0.095 0.01)
(0.01 0.095 0.01)
(0.015 0.095 0.01)
(0.02 0.095 0.01)
(0.025 0.095 0.01)
(0.03 0.095 0.01)
(0.035 0.095 0.01)
(0.04 0.095 0.01)
(0.045 0.095 0.01)
(0.05 0.095 0.01)
(0.055 0.095 0.01)
(0.06 0.095 0.01)
(0.065 0.095 0.01)
(0.07 0.095 0.01)
(0.075 0.095 0.01)
(0.08 0.095 0.01)
(0.085 0.095 0.01)
(0.09 0.095 0.01)
(0.095 0.095 0.01)
(0.1 0.095 0.01)
(0.105 0.095 0.01)
(0.11 0.095 0.01)
(0.115 0.095 0.01)
(0.12 0.095 0.01)
(0.125 0.095 0.01)
(0.13 0.095 0.01)
(0.135 0.095 0.01)
(0.14 0.095 0.01)
(0.145 0.095 0.01)
(0.15 0.095 0.01)
(0.155 0.095 0.01)
(0.16 0.095 0.01)
(0.165 0.095 0.01)
(0.17 0.095 0.01)
(0.175 0.095 0.01)
(0.18 0.095 0.01)
(0.185 0.095 0.01)
(0.19 0.095 0.01)
(0.195 0.095 0.01)
(0.2 0.095 0.01)
(0.205 0.095 0.01)
(0.21 0.095 0.01)
(0.215 0.095 0.01)
(0.22 0.095 0.01)
(0.225 0.095 0.01)
(0.23 0.095 0.01)
(0.235 0.095 0.01)
(0.24 0.095 0.01)
(0.245 0.095 0.01)
(0.25 0.095 0.01)
(0.255 0.095 0.01)
(0.26 0.095 0.01)
(0.265 0.095 0.01)
(0.27 0.095 0.01)
(0.275 0.095 0.01)
(0.28 0.095 0.01)
(0.285 0.095 0.01)
(0.29 0.095 0.01)
(0.295 0.095 0.01)
(0.3 0.095 0.01)
(0 0.1 0.01)
(0.005 0.1 0.01)
(0.01 0.1 0.01)
(0.015 0.1 0.01)
(0.02 0.1 0.01)
(0.025 0.1 0.01)
(0.03 0.1 0.01)
(0.035 0.1 0.01)
(0.04 0.1 0.01)
(0.045 0.1 0.01)
(0.05 0.1 0.01)
(0.055 0.1 0.01)
(0.06 0.1 0.01)
(0.065 0.1 0.01)
(0.07 0.1 0.01)
(0.075 0.1 0.01)
(0.08 0.1 0.01)
(0.085 0.1 0.01)
(0.09 0.1 0.01)
(0.095 0.1 0.01)
(0.1 0.1 0.01)
(0.105 0.1 0.01)
(0.11 0.1 0.01)
(0.115 0.1 0.01)
(0.12 0.1 0.01)
(0.125 0.1 0.01)
(0.13 0.1 0.01)
(0.135 0.1 0.01)
(0.14 0.1 0.01)
(0.145 0.1 0.01)
(0.15 0.1 0.01)
(0.155 0.1 0.01)
(0.16 0.1 0.01)
(0.165 0.1 0.01)
(0.17 0.1 0.01)
(0.175 0.1 0.01)
(0.18 0.1 0.01)
(0.185 0.1 0.01)
(0.19 0.1 0.01)
(0.195 0.1 0.01)
(0.2 0.1 0.01)
(0.205 0.1 0.01)
(0.21 0.1 0.01)
(0.215 0.1 0.01)
(0.22 0.1 0.01)
(0.225 0.1 0.01)
(0.23 0.1 0.01)
(0.235 0.1 0.01)
(0.24 0.1 0.01)
(0.245 0.1 0.01)
(0.25 0.1 0.01)
(0.255 0.1 0.01)
(0.26 0.1 0.01)
(0.265 0.1 0.01)
(0.27 0.1 0.01)
(0.275 0.1 0.01)
(0.28 0.1 0.01)
(0.285 0.1 0.01)
(0.29 0.1 0.01)
(0.295 0.1 0.01)
(0.3 0.1 0.01)
)


// ************************************************************************* //
