/*--------------------------------*- C++ -*----------------------------------*\
| =========                 |                                                 |
| \\      /  F ield         | OpenFOAM Extend Project: Open Source CFD        |
|  \\    /   O peration     | Version:  1.6-ext                               |
|   \\  /    A nd           | Web:      www.extend-project.de                 |
|    \\/     M anipulation  |                                                 |
\*---------------------------------------------------------------------------*/
FoamFile
{
    version     2.0;
    format      ascii;
    class       vectorField;
    location    "constant/polyMesh";
    object      points;
}
// * * * * * * * * * * * * * * * * * * * * * * * * * * * * * * * * * * * * * //

1795
(
(0.4 0 0)
(0.3541824103 0.1858892688 0)
(0.2272258987 0.3291935464 0)
(0.0482146721 0.3970835496 0)
(-0.1418419548 0.3740064971 0)
(-0.2994042993 0.2652490633 0)
(-0.388376727 0.09572626571 0)
(-0.388376727 -0.09572626571 0)
(-0.2994042993 -0.2652490633 0)
(-0.1418419548 -0.3740064971 0)
(0.0482146721 -0.3970835496 0)
(0.2272258987 -0.3291935464 0)
(0.3541824103 -0.1858892688 0)
(1 0 0)
(0.9795299413 -0.2012985201 0)
(0.9189578116 -0.3943558551 0)
(0.8207634412 -0.5712682151 0)
(0.6889669191 -0.7247927872 0)
(0.5289640103 -0.8486442575 0)
(0.3473052528 -0.9377521321 0)
(0.1514277775 -0.9884683243 0)
(-0.05064916884 -0.9987165072 0)
(-0.2506525323 -0.9680771189 0)
(-0.4403941516 -0.8978045396 0)
(-0.6121059826 -0.7907757369 0)
(-0.7587581227 -0.6513724827 0)
(-0.8743466161 -0.4853019625 0)
(-0.9541392564 -0.299363123 0)
(-0.9948693234 -0.101168322 0)
(-0.9948693234 0.101168322 0)
(-0.9541392564 0.299363123 0)
(-0.8743466161 0.4853019625 0)
(-0.7587581227 0.6513724827 0)
(-0.6121059826 0.7907757369 0)
(-0.4403941516 0.8978045396 0)
(-0.2506525323 0.9680771189 0)
(-0.05064916884 0.9987165072 0)
(0.1514277775 0.9884683243 0)
(0.3473052528 0.9377521321 0)
(0.5289640103 0.8486442575 0)
(0.6889669191 0.7247927872 0)
(0.8207634412 0.5712682151 0)
(0.9189578116 0.3943558551 0)
(0.9795299413 0.2012985201 0)
(1 0 3)
(0.9795299413 0.2012985201 3)
(0.9189578116 0.3943558551 3)
(0.8207634412 0.5712682151 3)
(0.6889669191 0.7247927872 3)
(0.5289640103 0.8486442575 3)
(0.3473052528 0.9377521321 3)
(0.1514277775 0.9884683243 3)
(-0.05064916884 0.9987165072 3)
(-0.2506525323 0.9680771189 3)
(-0.4403941516 0.8978045396 3)
(-0.6121059826 0.7907757369 3)
(-0.7587581227 0.6513724827 3)
(-0.8743466161 0.4853019625 3)
(-0.9541392564 0.299363123 3)
(-0.9948693234 0.101168322 3)
(-0.9948693234 -0.101168322 3)
(-0.9541392564 -0.299363123 3)
(-0.8743466161 -0.4853019625 3)
(-0.7587581227 -0.6513724827 3)
(-0.6121059826 -0.7907757369 3)
(-0.4403941516 -0.8978045396 3)
(-0.2506525323 -0.9680771189 3)
(-0.05064916884 -0.9987165072 3)
(0.1514277775 -0.9884683243 3)
(0.3473052528 -0.9377521321 3)
(0.5289640103 -0.8486442575 3)
(0.6889669191 -0.7247927872 3)
(0.8207634412 -0.5712682151 3)
(0.9189578116 -0.3943558551 3)
(0.9795299413 -0.2012985201 3)
(0.8126922718 -0.09441238106 3)
(0.8098679139 0.08649404979 3)
(0.7762731792 0.2613092466 3)
(0.7454168525 0.4181036366 3)
(0.6242509869 0.5279295866 3)
(0.4919173921 0.6516801649 3)
(0.3731866237 0.7662058187 3)
(0.2046087405 0.7860842564 3)
(0.00268670445 0.8033696763 3)
(-0.2125465194 0.8272056935 3)
(0.8040799762 -0.2530998729 3)
(0.7082998065 -0.3873677006 3)
(0.6099622709 -0.543589838 3)
(0.520673099 -0.6805034796 3)
(0.3645571248 -0.7372058512 3)
(0.1826922346 -0.7942601858 3)
(0.01388702819 -0.8478469748 3)
(-0.1934783965 -0.8115222013 3)
(-0.3974736971 -0.7157868756 3)
(-0.5528718691 -0.5987720856 3)
(-0.6682536419 -0.4540506658 3)
(-0.7720781349 -0.3274274188 3)
(-0.7874980497 -0.1597332955 3)
(-0.8098066317 0.02905168006 3)
(-0.8236260281 0.2029641122 3)
(-0.727200692 0.3914369107 3)
(-0.38734305 0.6981731804 3)
(-0.5596745033 0.5600477903 3)
(-0.3816519116 -0.5516984995 3)
(-0.4717138524 -0.4138139425 3)
(-0.5847614533 -0.2443935641 3)
(-0.2155198306 -0.6078706982 3)
(-0.0004573704628 -0.6603231607 3)
(-0.6132118104 -0.02836555139 3)
(-0.6444375154 0.1757713313 3)
(0.2184571479 -0.6016218137 3)
(0.4091811483 -0.5476466653 3)
(0.4960400808 -0.3699974688 3)
(0.6130146581 -0.1879114135 3)
(0.6604547603 -0.01110610403 3)
(0.6091235809 0.1508413195 3)
(0.5869458874 0.3348911587 3)
(0.4276529295 0.4518474692 3)
(0.2952872875 0.6052610132 3)
(0.08841455282 0.6090153212 3)
(-0.1518202363 0.6201779814 3)
(-0.3521327609 0.4948795232 3)
(-0.5044699267 0.3378697905 3)
(-0.4214397082 0.1116520239 3)
(-0.4365235454 -0.0895438444 3)
(-0.3541495851 -0.244617907 3)
(-0.272226988 -0.4200686812 3)
(-0.08179394251 -0.4601264634 3)
(0.09370409091 -0.4860141932 3)
(0.2678947839 -0.386018965 3)
(0.3808083501 -0.1882607966 3)
(0.471727414 -0.001151101703 3)
(0.3855833207 0.2190781972 3)
(0.2075123879 0.4034045479 3)
(-0.01339923731 0.4444106104 3)
(-0.1876718101 0.4312622012 3)
(-0.3057302764 0.2971036853 3)
(0.2317459837 0.004302412019 3)
(0.178669543 0.1976762227 3)
(0.05152581257 0.2840194602 3)
(-0.1125883753 0.2789099735 3)
(0.1922555699 -0.1976717836 3)
(0.05681828283 -0.3162005461 3)
(-0.1431977577 -0.2629475571 3)
(-0.2206617576 -0.05131659497 3)
(-0.2147196923 0.1405065446 3)
(0.01498043287 -0.1148104444 3)
(-0.00921451511 0.09613134753 3)
(0.4641066939 0.3648927224 0)
(-0.2250486491 -0.6345723998 0)
(0.2610322654 -0.6413915396 0)
(0.3635356794 0.5099765797 0)
(0.160724354 0.5164214156 0)
(-0.03936159032 0.5344351904 0)
(0.5787488392 0.2339803075 0)
(0.531704011 0.07225918998 0)
(0.5282417796 -0.1039897785 0)
(0.5307927102 -0.2786507352 0)
(0.3812758634 -0.37794978 0)
(0.2324021234 -0.4879422537 0)
(-0.2353619693 0.5454354886 0)
(-0.3390145256 0.405043038 0)
(-0.4601918959 0.2720557424 0)
(0.08225385227 -0.6194291139 0)
(-0.09635484803 -0.5283658641 0)
(-0.2860878721 -0.4776798155 0)
(-0.5786467637 0.1438802591 0)
(-0.5287052293 -0.02410508949 0)
(-0.4960885179 -0.206788803 0)
(0.8325302908 0.07454087632 0)
(0.8358015282 -0.09797187694 0)
(0.8247045061 -0.2580195754 0)
(0.7070354185 -0.3870197862 0)
(0.6200674005 -0.5592194629 0)
(0.5270025514 -0.687621795 0)
(0.3795192045 -0.7483538394 0)
(0.2023376634 -0.7953648632 0)
(0.01428889251 -0.8193699202 0)
(-0.2118976529 -0.8126476966 0)
(0.7839821873 0.2418267765 0)
(0.6928175877 0.3937955653 0)
(0.5859092226 0.5396541957 0)
(0.4718415039 0.6753616374 0)
(0.3644230293 0.7880837381 0)
(0.1979279553 0.8162885034 0)
(0.003337848653 0.8373235316 0)
(-0.2100247905 0.84851873 0)
(-0.3714611253 0.7086800515 0)
(-0.5595850929 0.6067184386 0)
(-0.6889024119 0.4751424761 0)
(-0.7896283414 0.3450883313 0)
(-0.784504373 0.1719218373 0)
(-0.8255786491 -0.01946188141 0)
(-0.8043135049 -0.2093062593 0)
(-0.7301030205 -0.4186157298 0)
(-0.4108956494 -0.6614340569 0)
(-0.5973577022 -0.5851037719 0)
(-0.4892078434 -0.417061971 0)
(-0.08399806268 -0.6859465101 0)
(0.4176657779 -0.5607524825 0)
(0.5327460101 -0.4331285101 0)
(0.6815899775 -0.02348264727 0)
(0.6825593928 -0.1937186844 0)
(0.2710865298 0.6603687418 0)
(0.6818915841 0.1214019891 0)
(0.07493885148 0.6758886451 0)
(-0.1334471671 0.6927279846 0)
(-0.6619135693 -0.1190692222 0)
(-0.6350419582 -0.2799357931 0)
(-0.5162765674 0.4333813521 0)
(-0.6782183177 0.03313343276 0)
(-0.6363927799 0.3043825566 0)
(-0.4037456837 0.5434779417 0)
(0.2138770097 -0.05738916329 0)
(0.1771061617 0.1202721382 0)
(0.1369201088 -0.2036720371 0)
(-0.02611604832 -0.2302723031 0)
(-0.1771424157 -0.1537245488 0)
(0.09794970253 0.2573731879 0)
(-0.05225486736 0.1977495902 0)
(-0.2120447364 0.04783970161 0)
(0.005923686685 -0.0324792298 0)
(0.9950904339 -0.0989698358 2.824622289)
(0.4364939553 -0.8997071896 1.488597302)
(0.9546053302 -0.2978735697 2.824551651)
(0.9946147251 0.1036414427 2.824736942)
(0.8756539778 -0.4829390346 2.824420076)
(0.7599255034 -0.6500101763 2.82424655)
(0.6128479063 -0.7902008882 2.824188811)
(0.9534285299 0.3016190286 2.824696199)
(0.8740640882 0.4858106315 2.824720013)
(0.758069713 0.6521735278 2.8249635)
(0.6107683373 0.7918093446 2.825384872)
(0.4405277939 -0.8977389726 2.824072596)
(0.2502910912 -0.9681706304 2.824266741)
(0.05209806933 -0.9986419735 2.824703338)
(-0.1498739854 -0.988705107 2.825197289)
(-0.3461076804 -0.9381947951 2.825399047)
(-0.5284295287 -0.8489771688 2.825555075)
(-0.6876491577 -0.7260431364 2.825573728)
(-0.8201766837 -0.5721103106 2.825503661)
(-0.9187942953 -0.3947366754 2.825483128)
(-0.9794920106 -0.2014830047 2.82528091)
(-0.9999981469 -0.001925168451 2.825300288)
(-0.9798424714 0.1997716981 2.825544147)
(-0.9193938303 0.3933382574 2.825873456)
(0.4382258467 0.8988648994 2.825596418)
(0.247742667 0.9688258723 2.825765536)
(0.04938374049 0.9987798787 2.825816998)
(-0.1525193352 0.9883004869 2.825801807)
(-0.3484164255 0.93733985 2.825657843)
(-0.5302902736 0.8478161509 2.825760999)
(-0.6890495209 0.7247142594 2.825902274)
(-0.8211449481 0.5707196984 2.825932023)
(0.9951137704 0.09873491815 0.176060559)
(0.9546784887 0.297639015 0.17609877)
(0.9945952271 -0.1038283887 0.175915695)
(0.8757798442 0.4827107462 0.1761696572)
(0.7601069809 0.6497979513 0.1762162427)
(0.6130843655 0.7900174434 0.1760572465)
(0.9533851281 -0.3017561888 0.1759732713)
(0.8740182296 -0.4858931305 0.1759389639)
(0.7580486159 -0.6521980496 0.1757700486)
(0.6107809343 -0.7917996276 0.1754173225)
(0.4407841075 0.897613152 0.1758789611)
(0.2504933192 0.968118328 0.1753995554)
(0.05215695422 0.9986388998 0.1748191021)
(-0.1500024823 0.9886856201 0.1744140725)
(-0.3463640877 0.9381001646 0.174497947)
(-0.5286998571 0.8488088484 0.1746653319)
(-0.6878355456 0.7258665595 0.1748142162)
(-0.8202451767 0.5720121066 0.1747597278)
(-0.9187834208 0.3947619861 0.1743587276)
(-0.9794701839 0.201589084 0.1739825993)
(-0.9999980112 0.001994370773 0.1734647764)
(-0.9798275482 -0.1998448793 0.1730185633)
(-0.9192880646 -0.3935853838 0.1728383986)
(0.4383260413 -0.8988160443 0.1752915409)
(0.2479663196 -0.9687686537 0.1751700835)
(0.04975318925 -0.9987615432 0.1750788028)
(-0.1520153549 -0.988378132 0.1749299313)
(-0.3478477024 -0.9375510524 0.1747798)
(-0.5297551682 -0.8481506127 0.1742732573)
(-0.6886348511 -0.7251082966 0.1736618652)
(-0.820891817 -0.5710837284 0.1731690162)
(-0.0533483468 -0.998575963 0.3503707001)
(-0.2507877553 -0.9680420971 0.3501322975)
(-0.4407506441 -0.8976295838 0.349316553)
(0.1480547589 -0.9889791648 0.3503335619)
(-0.6127123206 -0.7903060244 0.3479662832)
(-0.7596367126 -0.6503476492 0.3467047535)
(0.3439923267 -0.9389724592 0.3504137527)
(0.5266323685 -0.8500931411 0.3507393538)
(0.6859624097 -0.7276369785 0.3513037354)
(0.8187945985 -0.5740865836 0.35185868)
(0.9175254006 -0.3976771797 0.3521175742)
(0.9786777493 -0.2054017111 0.3521570179)
(0.9999795032 -0.006402585843 0.3521198452)
(0.9806362069 0.1958382745 0.3521482701)
(0.9207587988 0.3901323293 0.3522162385)
(0.8227877397 0.5683487797 0.3524070336)
(0.690466638 0.7233642387 0.3524824984)
(0.5315649195 0.8470175537 0.3522293654)
(0.3491957329 0.9370498067 0.3514587405)
(0.153289029 0.9881813971 0.3502458329)
(-0.04866495127 0.9988151593 0.3491898716)
(-0.2470356327 0.9690063964 0.3487885734)
(-0.4379607623 0.8989940882 0.3490763478)
(-0.6106104549 0.7919311033 0.3495508028)
(-0.758012549 0.6522399678 0.3497705156)
(-0.8742920275 0.4854002995 0.3493760448)
(-0.9536527062 0.3009094813 0.348505781)
(-0.9947492578 0.1023421423 0.3474902582)
(-0.9949926984 -0.09994763682 0.3463339945)
(-0.9544265517 -0.2984459037 0.3458693431)
(-0.05429090869 0.998525161 2.651428637)
(-0.2519306858 0.9677452813 2.65121169)
(-0.4419005698 0.897064037 2.651281126)
(0.1473675781 0.9890817949 2.651628581)
(-0.6136598666 0.789570496 2.651703252)
(-0.7602378236 0.6496448657 2.651979787)
(0.3435736595 0.939125732 2.651480702)
(0.5264351434 0.8502152902 2.650960043)
(0.6858519731 0.7277410741 2.650174352)
(0.8188062747 0.5740699299 2.649461822)
(0.9175768444 0.3975584669 2.649133081)
(0.9787209742 0.2051956496 2.649089161)
(0.9999814021 0.006098809278 2.649140194)
(0.9805672586 -0.1961832085 2.649109107)
(0.9206095758 -0.3904843262 2.648975333)
(0.8225634831 -0.5686732949 2.648623602)
(0.6901627782 -0.7236541574 2.648224005)
(0.5311888363 -0.8472534569 2.64793917)
(0.3488250801 -0.9371878486 2.648029792)
(0.1530842293 -0.9882131444 2.648699566)
(-0.04854372855 -0.9988210583 2.649675217)
(-0.2466015327 -0.969116961 2.650566076)
(-0.43737649 -0.8992784919 2.651084192)
(-0.6100845995 -0.7923362805 2.651281637)
(-0.7576976925 -0.6526057055 2.651189044)
(-0.8741974522 -0.4855706071 2.650987975)
(-0.9536864923 -0.3008023844 2.650647638)
(-0.9947797041 -0.1020457754 2.650347141)
(-0.994968192 0.1001913013 2.650726084)
(-0.9544372803 0.2984115916 2.651234764)
(-0.8755548569 -0.4831187149 0.3459621618)
(0.6153396507 0.7882620847 0.5289652388)
(0.4430401954 0.8965017486 0.528260475)
(0.7622818935 0.6472451737 0.5287699987)
(0.8778430825 0.4789483505 0.5283289083)
(0.9560626684 0.2931623681 0.5281220494)
(0.9956092758 0.09360646297 0.5281885384)
(0.9940826778 -0.1086261001 0.5283719463)
(0.2525536751 0.9675828859 0.5264570557)
(0.05454031587 0.9985115693 0.5242719258)
(0.952073013 -0.3058708517 0.5284924904)
(0.87220787 -0.4891353919 0.5282779299)
(0.7555920532 -0.6550424789 0.5275372266)
(0.6078818317 -0.794027505 0.5264494701)
(0.4351139012 -0.9003754178 0.525581642)
(0.2443706024 -0.9696819111 0.5253578937)
(0.04658865203 -0.9989141592 0.525735925)
(-0.154419417 -0.9880053865 0.5260316592)
(-0.3493398694 -0.9369960809 0.5253140385)
(-0.5309891411 -0.8473786238 0.5232724303)
(-0.6895796344 -0.7242098645 0.5207405588)
(-0.1474849534 0.9890642995 0.5229038647)
(-0.3439250328 0.9389971096 0.5229513277)
(-0.5268561167 0.8499544883 0.523948857)
(-0.6863018585 0.7273168216 0.5248447993)
(-0.8193031481 0.5733605773 0.5248052125)
(-0.9181645141 0.3961993502 0.5236580133)
(-0.9792659592 0.2025788271 0.5219443957)
(-0.9999891364 0.004661232736 0.5202765538)
(-0.980279231 -0.1976173809 0.5190272601)
(-0.8757747161 0.48272005 2.651816337)
(0.6150425897 -0.7884938889 2.471760343)
(0.4426808511 -0.8966792426 2.471409945)
(0.7620696743 -0.6474950282 2.472551134)
(0.8776769964 -0.4792526369 2.473283447)
(0.9559595719 -0.2934983764 2.473614967)
(0.9955803094 -0.09391404325 2.473583398)
(0.994104528 0.1084259539 2.473371399)
(0.2522308762 -0.9676670838 2.471992716)
(0.05453811939 -0.9985116892 2.473466211)
(0.9520853251 0.3058325257 2.473231131)
(0.872136839 0.4892620301 2.473468982)
(0.7553734692 0.6552945307 2.474412275)
(0.6074517274 0.7943565943 2.475857548)
(0.4344233011 0.9007088295 2.4771663)
(0.2433352521 0.9699422432 2.477720372)
(0.04514753704 0.9989803301 2.477399081)
(-0.1562410498 0.9877189551 2.476714583)
(-0.3512932347 0.9362654876 2.476463573)
(-0.5326820923 0.8463154191 2.477097623)
(-0.6906780593 0.7231623734 2.478103571)
(-0.146978375 -0.9891397056 2.475229894)
(-0.3430592921 -0.9393137506 2.476554646)
(-0.5259235293 -0.8505318579 2.477122986)
(-0.6855679356 -0.7280086577 2.477134008)
(-0.8189357908 -0.5738851544 2.476874227)
(-0.9181653006 -0.3961975275 2.476415459)
(-0.9794105858 -0.2018784398 2.475772867)
(-0.9999998597 0.0005297610591 2.475445661)
(-0.9798812308 0.1995814959 2.475989909)
(-0.8223558509 0.5689735095 2.478310743)
(-0.9199610067 0.3920098803 2.477293131)
(-0.9946411643 -0.1033873987 2.300852598)
(-0.9529625423 -0.3030880944 2.301900568)
(-0.8726057406 -0.4884252465 2.302642283)
(-0.7552689853 -0.6554149524 2.303014943)
(-0.6071423823 -0.7945930578 2.303278113)
(-0.4343561933 -0.9007411933 2.303152444)
(-0.2436597847 -0.969860768 2.301788812)
(-0.04581000926 -0.9989501705 2.299041787)
(0.1555716807 -0.987824606 2.296154109)
(-0.9950766472 0.09910835548 2.299781174)
(0.3513725528 -0.9362357231 2.294529069)
(0.5340280398 -0.8454667662 2.294596732)
(0.6930329353 -0.7209059235 2.295880873)
(0.8251405081 -0.5649275546 2.297400839)
(0.9225517196 -0.3858734569 2.298207406)
(0.9815415661 -0.1912489322 2.298168532)
(0.999939276 0.01102017256 2.297765754)
(0.9776972789 0.2100191204 2.297283166)
(0.9155861761 0.4021218149 2.297041313)
(0.815951419 0.5781204735 2.29778695)
(0.6822338568 0.7311340264 2.299899746)
(0.5221566429 0.8528496 2.302506566)
(0.3388601583 0.9408367516 2.304193611)
(0.1423721153 0.989813205 2.30414906)
(-0.0593294558 0.9982384563 2.302710477)
(-0.2566114104 0.966514658 2.30134113)
(-0.4458225209 0.8951213772 2.301524571)
(-0.616423164 0.7874150639 2.303572397)
(-0.8219340335 -0.5695826933 0.5189785656)
(-0.9201359732 -0.3915990179 0.5184972952)
(-0.9944220809 0.1054738119 0.6946380194)
(-0.9528104455 0.3035658988 0.6973393692)
(-0.8729560099 0.487798939 0.6998430129)
(-0.7561913944 0.6543504986 0.7008182946)
(-0.6083935277 0.7936355054 0.6997526988)
(-0.4356044451 0.9001381935 0.6974771645)
(-0.2446330903 0.9696157234 0.6959314381)
(-0.04620553649 0.9989319538 0.696897291)
(0.155718488 0.9878014742 0.7002891742)
(-0.9953305977 -0.09652461527 0.6923810554)
(0.3515532605 0.9361678829 0.7039993823)
(0.5340001304 0.8454843942 0.7058932653)
(0.6929735102 0.7209630463 0.7056392025)
(0.8251640833 0.5648931187 0.7045231844)
(0.9226125216 0.3857280582 0.7038995664)
(0.9815749391 0.1910775731 0.7040097023)
(0.9999382898 -0.01110930361 0.7043988431)
(0.9777224589 -0.2099018661 0.7048205049)
(0.9157565863 -0.4017335866 0.7050147502)
(0.8163887072 -0.5775027954 0.7043621274)
(0.6829836258 -0.7304336841 0.7027004035)
(0.5232479719 -0.8521804738 0.7008434764)
(0.340370762 -0.9402913082 0.6998911451)
(0.144370659 -0.9895236798 0.7004222906)
(-0.0567737179 -0.9983870717 0.7018761481)
(-0.2536422182 -0.9672981056 0.7024163639)
(-0.4429448224 -0.8965488745 0.7003038346)
(-0.6143937742 -0.7889995502 0.6959215197)
(-0.7610588314 -0.6486828618 0.6919946963)
(-0.9552648586 -0.2957516692 0.6910239371)
(-0.9784679434 0.2063988463 0.8697255035)
(-0.9167214568 0.3995269336 0.8742845602)
(-0.9999755744 0.006989321125 0.8658729892)
(-0.8171302467 0.5764530857 0.87745234)
(-0.6833694114 0.7300727686 0.8772607441)
(-0.5236048646 0.8519612349 0.8736826986)
(-0.3410801275 0.9400342263 0.8690895319)
(-0.1451854289 0.9894044629 0.8675260474)
(0.05656041398 0.9983991785 0.8715528327)
(0.2544604888 0.967083171 0.8786536792)
(0.4452666394 0.8953980232 0.8835005135)
(0.6182586274 0.7859747258 0.8837754518)
(0.7653420687 0.6436237394 0.8812502802)
(0.8803930179 0.474244804 0.8792698621)
(0.9576225014 0.2880262917 0.8794049444)
(0.9960437878 0.08886378767 0.8802467142)
(0.9935785107 -0.113144788 0.8807526791)
(0.950610211 -0.3103872205 0.8816149935)
(0.8698860945 -0.4932526559 0.8820033272)
(0.752466794 -0.6586301875 0.8800471124)
(0.6039645814 -0.797011157 0.8766833564)
(0.4310544668 -0.9023259093 0.8741024874)
(0.2406049253 -0.9706231348 0.8737226629)
(0.04288309453 -0.999080097 0.8763229001)
(-0.1581845075 -0.9874095713 0.8798699073)
(-0.352999427 -0.9356235378 0.879925184)
(-0.5341164985 -0.8454108859 0.8740335716)
(-0.7618382676 0.6477672838 2.305494108)
(-0.9548065065 0.2972280859 2.301482459)
(-0.9784445569 -0.2065096826 2.127329941)
(-0.916079613 -0.4009964372 2.128752734)
(-0.9999895061 -0.004581236332 2.124196064)
(-0.8156941527 -0.5784834044 2.129052628)
(-0.6815972147 -0.7317275701 2.129133545)
(-0.5220835514 -0.8528943459 2.129767618)
(-0.3398748079 -0.940470688 2.129599561)
(-0.1443200507 -0.9895310622 2.126324104)
(0.05672288839 -0.9983899608 2.121058508)
(0.2545720853 -0.9670538007 2.117328204)
(0.446015938 -0.8950250181 2.116571248)
(0.6190978647 -0.7853138442 2.118081776)
(0.765764727 -0.6431208151 2.120927323)
(0.8805365887 -0.4739781809 2.12308706)
(0.95765907 -0.2879046816 2.12306005)
(0.9960552516 -0.08873519984 2.122240441)
(0.9935414643 0.1134696379 2.121672326)
(0.9503835636 0.3110805074 2.120691225)
(0.8692536939 0.4943662767 2.120211221)
(0.7512312609 0.6600390842 2.122342133)
(0.6022314588 0.798321533 2.126763308)
(0.4288442365 0.9033784483 2.130736263)
(0.2378986042 0.9712899949 2.132072432)
(0.03967856345 0.9992124957 2.13025617)
(-0.1624498301 0.9867168047 2.126736276)
(-0.3575940625 0.933877126 2.124842677)
(-0.5378991398 0.8430092024 2.126651834)
(-0.876787944 -0.4808772205 0.6905304214)
(-0.6918201468 -0.7220698612 0.8655352373)
(-0.9807097716 -0.195469547 0.8639292579)
(-0.8711573037 0.4910040247 1.053946552)
(-0.9518965048 0.306419719 1.046615484)
(-0.994163962 0.1078796395 1.039771848)
(-0.7527785977 0.6582737902 1.056746641)
(-0.6031142177 0.7976548379 1.053301397)
(-0.4303759759 0.9026497213 1.04491826)
(-0.2416787491 0.9703563172 1.036888624)
(-0.04545565747 0.9989663574 1.037735457)
(0.155486867 0.9878379595 1.04962057)
(0.3519009445 0.9360372457 1.061604595)
(0.5367844479 0.8437194181 1.064352507)
(0.6975848803 0.7165021526 1.059976478)
(0.8291250775 0.5590631501 1.054304869)
(0.9251954431 0.3794909643 1.053156462)
(0.982593658 0.1857678745 1.056347047)
(0.9998873503 -0.01500955478 1.056674314)
(0.9767664691 -0.2143064742 1.056641203)
(0.9137583703 -0.4062580962 1.059983275)
(0.813217297 -0.58196016 1.059653738)
(0.6781906304 -0.7348860244 1.053784481)
(0.5176180831 -0.8556117812 1.048746327)
(0.3359163781 -0.9418918127 1.04598718)
(0.1415418628 -0.989932271 1.047277595)
(-0.05964492317 -0.9982196568 1.055032823)
(-0.2576794231 -0.9662304668 1.061715359)
(-0.4491646337 -0.8934490091 1.057898924)
(-0.8766595698 0.4811112125 2.304511865)
(-0.6937885214 0.7201787886 2.132224111)
(-0.9800464244 0.1987687251 2.123299733)
(-0.868738932 -0.4952702979 1.956014508)
(-0.9507562716 -0.3099395295 1.955372229)
(-0.994015903 -0.109235455 1.952698484)
(-0.7497786883 -0.6616886871 1.95486717)
(-0.6010488076 -0.799212319 1.954932202)
(-0.4298505462 -0.9029000542 1.957570036)
(-0.2413549721 -0.9704369003 1.956998606)
(-0.04496756035 -0.9989884476 1.94824459)
(0.1559333625 -0.9877675771 1.939786752)
(0.3540955097 -0.9352092653 1.937680655)
(0.5394758989 -0.8420010419 1.938886043)
(0.698938722 -0.7151815594 1.942473149)
(0.8297332117 -0.5581601897 1.948160732)
(0.9254408924 -0.3788920094 1.949448004)
(0.9826806648 -0.1853070725 1.946337002)
(0.9998788307 0.01556675579 1.945993885)
(0.9765639947 0.2152272387 1.945906659)
(0.9130707212 0.4078012482 1.942361359)
(0.811591244 0.5842256864 1.942452526)
(0.6752676006 0.7375728218 1.948461566)
(0.5144416463 0.8575253889 1.956436133)
(0.3320064463 0.9432771171 1.96096671)
(0.1375722989 0.9904917277 1.960237903)
(-0.0643152676 0.99792963 1.955083915)
(-0.2657400751 0.964044715 1.948124366)
(-0.4542055143 0.8908969361 1.946385179)
(-0.8234976157 0.5673197307 2.134507401)
(-0.9202225275 0.3913955799 2.128875272)
(-0.6251505044 0.780504226 1.953656843)
(-0.9949774553 0.1000992684 1.944093577)
(0.2319072099 0.9727379123 1.790963803)
(0.4179599631 0.9084654475 1.791785431)
(0.04133444768 0.9991453665 1.788368616)
(0.5884770097 0.8085139511 1.777560452)
(0.7423111292 0.6700553614 1.767183984)
(-0.1639522776 0.9864682715 1.777095458)
(-0.3624404226 0.9320069421 1.762105336)
(0.8665560285 0.4990798028 1.758745708)
(0.9489489356 0.3154297348 1.768016481)
(0.9930292663 0.1178680458 1.775216593)
(0.996426413 -0.08446539806 1.76471399)
(0.9596935102 -0.2810486905 1.773000585)
(0.8853626956 -0.4649009543 1.78029259)
(0.775340111 -0.6315439116 1.76973857)
(0.6286102027 -0.7777205237 1.760658521)
(0.4522744973 -0.8918787917 1.759985978)
(0.252952617 -0.9674786683 1.756953212)
(0.05131221809 -0.9986826604 1.761128347)
(-0.1472128522 -0.9891048358 1.784372156)
(-0.3356272964 -0.9419948609 1.79055581)
(-0.5122246385 -0.858851512 1.780630101)
(-0.6725730505 -0.740030737 1.77866531)
(-0.8091883607 -0.5875493145 1.782316158)
(-0.9118955317 -0.4104223912 1.785268879)
(-0.9765838802 -0.2151369913 1.782005359)
(-0.82362551 -0.56713404 0.8613635294)
(-0.9211588091 -0.3891869069 0.8622963398)
(-0.6196898579 -0.7848467876 1.043328869)
(-0.9955191472 -0.0945601796 1.03551128)
(0.2381569437 -0.9712266832 1.215612951)
(0.4222495357 -0.9064796355 1.219789656)
(0.0447667389 -0.998997467 1.220704952)
(0.5955342685 -0.8033299043 1.223073564)
(0.7458277159 -0.6661388881 1.234370773)
(-0.1566870403 -0.9876483035 1.243065766)
(-0.3601130119 -0.9329086872 1.247506447)
(0.8680240566 -0.4965221417 1.243483347)
(0.9494879859 -0.3138033854 1.234544725)
(0.9931562263 -0.1167934508 1.227509106)
(0.996352917 0.08532798354 1.238078352)
(0.9594193453 0.2819831907 1.22971852)
(0.8847190896 0.466124589 1.222264862)
(0.7739896097 0.6331982975 1.232592457)
(0.6259206722 0.7798867303 1.241851665)
(0.4446261756 0.8957162296 1.249605414)
(0.2476378815 0.9688526615 1.238048748)
(0.05028448543 0.9987349351 1.209256704)
(-0.1446493792 0.9894829746 1.197610445)
(-0.3321356776 0.9432316214 1.210161437)
(-0.512007521 0.8589809651 1.227146467)
(-0.6764178616 0.7365180762 1.236744202)
(-0.814731463 0.579838463 1.237776864)
(-0.9162431336 0.4006226655 1.228067339)
(-0.9783090931 0.2071504727 1.213862667)
(-0.9999738181 0.007236234604 1.208025631)
(-0.5501655265 -0.835055623 1.232934738)
(-0.7633790728 -0.6459507653 1.028962)
(-0.8779610089 -0.4787321452 1.031288786)
(-0.9554665192 -0.2950995269 1.036407686)
(0.3208166567 -0.9471413162 1.401785844)
(0.5059250136 -0.8625774635 1.381678604)
(0.6609118876 -0.750463508 1.404709253)
(0.8039236488 -0.5947325171 1.41798016)
(0.1456345551 -0.9893384539 1.364852427)
(-0.0305682366 -0.9995326823 1.408394188)
(-0.2525361741 -0.9675874538 1.448701697)
(0.9186938483 -0.3949703953 1.438508724)
(0.9769438991 -0.2134961778 1.379857956)
(0.9994721055 -0.03248861878 1.409547797)
(0.980987783 0.1940694969 1.432794175)
(0.9266156157 0.3760099742 1.374164721)
(0.8443289535 0.5358251751 1.401614024)
(0.7165775999 0.6975073787 1.414145017)
(0.548661818 0.8360443825 1.426132972)
(0.3358907565 0.94190095 1.448719308)
(0.1226040549 0.9924556644 1.393541238)
(-0.0591205322 0.9982508516 1.346995711)
(-0.228740825 0.9734873574 1.360695773)
(-0.4003420196 0.9163657934 1.39791529)
(-0.5850399571 0.8110044689 1.413208211)
(-0.747822398 0.6638988334 1.424709986)
(-0.8728489619 0.4879904607 1.419074723)
(-0.9539554663 0.299948276 1.39360201)
(-0.9999076579 -0.0135895461 1.780717665)
(-0.5535981507 0.8327839381 1.770464109)
(-0.7649874432 0.6440451939 1.966912602)
(-0.8753793103 0.4834367208 1.963945517)
(-0.9531142893 0.3026105609 1.945438561)
(0.3240193726 0.9460504459 1.643619404)
(0.4834961741 0.875346474 1.610107271)
(0.6543118981 0.7562247946 1.595797754)
(0.8013900313 0.5981421384 1.584018143)
(0.1434206394 0.9896618211 1.599325649)
(-0.05478399564 0.9984982292 1.646531013)
(-0.2441876758 0.9697279923 1.566601841)
(0.9177849932 0.397077708 1.564012474)
(0.9766117244 0.2150105575 1.622813563)
(0.9994317981 0.03370580026 1.593229595)
(0.9812524267 -0.1927269443 1.569955719)
(0.9272382037 -0.3744720465 1.628409063)
(0.8455989836 -0.5338186574 1.600711556)
(0.7187378002 -0.6952812197 1.587508909)
(0.549580747 -0.8354406038 1.573156834)
(0.3585984163 -0.933491926 1.593942735)
(0.1474473269 -0.9890699095 1.557282004)
(-0.07671329716 -0.9970531932 1.596744047)
(-0.2443542686 -0.9696860272 1.641952225)
(-0.4062009963 -0.9137837548 1.609715505)
(-0.5852091931 -0.8108823591 1.598046546)
(-0.7402287566 -0.6723551055 1.605073562)
(-0.8626856291 -0.5057405513 1.614345013)
(-0.9463203845 -0.3232301499 1.618737377)
(-0.9814840127 -0.1915440755 1.202112417)
(-0.9942735412 0.1068649863 1.371383724)
(-0.7001255807 -0.7140197275 1.201057997)
(-0.8228566311 -0.568249034 1.18055932)
(-0.919310703 -0.3935325036 1.218249635)
(-0.4736294153 -0.8807242343 1.42338174)
(-0.4700501547 0.8826397069 1.585024674)
(-0.03645605746 0.999335257 1.504403542)
(-0.1467011093 0.9891808654 1.449644805)
(-0.7708348504 -0.6370350331 1.314983495)
(-0.6576673691 0.7533084572 1.599867134)
(-0.8180606157 0.5751320101 1.625837992)
(-0.9286832698 0.370873812 1.587141665)
(-0.9778743657 0.2091930324 1.748877138)
(-0.9927608258 -0.1201080464 1.601392876)
(-0.7140798035 0.7000643072 1.785235203)
(-0.8224747599 0.5688016081 1.819788524)
(-0.9077297836 0.4195552884 1.777711268)
(-0.663638469 -0.7480534623 1.407439759)
(-0.8071461427 -0.5903516785 1.455845866)
(-0.9108369116 -0.4127664237 1.437668407)
(-0.9952420814 -0.09743305133 1.384824344)
(-0.8547948842 -0.5189659968 1.321766252)
(-0.9823338245 0.187137001 1.543011657)
(-0.9982340177 0.0594040902 1.641023268)
(-0.9696177215 -0.2446251709 1.47955389)
(-0.9620746343 -0.2727863596 1.341438077)
(-0.9996928438 0.02478342224 1.505583323)
(-0.1351338476 -0.6162949204 0.1290590465)
(0.6317285299 0.05672617629 0.129025355)
(-0.6229457259 -0.03668029234 0.1335730702)
(-0.3662695587 0.3142686486 0.131562084)
(0.7661346793 0.1459232122 0.142223984)
(0.4816048741 -0.3632430136 0.1465505362)
(-0.326040715 0.4979854822 0.1424871832)
(0.7810218334 -0.1832367182 0.147536695)
(0.2778125107 0.7549136877 0.1406251788)
(-0.7049745321 0.3748711348 0.1458680034)
(0.2803013027 -0.3983618617 0.1511329114)
(-0.4932024479 0.527859211 0.1458797902)
(0.2809630334 -0.7283700705 0.1345432848)
(-0.7004230022 -0.2027704269 0.1497584432)
(-0.6804564595 0.1163118407 0.1696342528)
(0.5234930515 -0.5177001953 0.1403123885)
(0.05658905581 0.4828495681 0.1337935329)
(0.6307970285 -0.1070637032 0.1414144486)
(0.191896081 -0.5829209685 0.1629586816)
(-0.4351528883 -0.008035029285 0.1563203335)
(0.4286288023 0.08604948968 0.1720963121)
(-0.3946231604 -0.189254716 0.1563203484)
(-0.06332737207 -0.4331519604 0.1594477743)
(0.4274747372 -0.09662634879 0.1570651233)
(0.004181560595 -0.7082484961 0.1724249721)
(-0.5401127338 -0.3012621999 0.1717792302)
(0.2651155293 0.5622555613 0.1656783372)
(0.09206821769 0.7765002251 0.1598077565)
(-0.1360569 0.5908662081 0.1602854878)
(-0.3073440492 -0.5912287235 0.1533202678)
(-0.2424447089 -0.3723118007 0.1737894267)
(0.5785577297 0.330889523 0.1882268786)
(0.4737621546 0.5749974847 0.1614153534)
(0.3485050201 0.2933251858 0.1955964416)
(0.03140128776 0.2839955687 0.1319998354)
(0.1374535561 -0.3099830449 0.1563203484)
(0.03890924901 -0.1554745287 0.1636024564)
(-0.2999253273 0.136202842 0.1565289646)
(-0.08612530678 0.07103668153 0.1896687597)
(-0.04381407797 0.8670223355 1.426035166)
(-0.1205778867 0.8090847731 1.495674014)
(-0.704947412 -0.5068929195 1.366587043)
(0.3525263667 -0.7511144876 1.432298779)
(-0.8621484041 0.07587325573 1.565515995)
(-0.8066905141 -0.2602141797 1.417080998)
(-0.7200714946 -0.4143500626 1.245466471)
(-0.8293594122 0.01104241516 1.427120924)
(0.009503136389 0.8295145035 1.581423044)
(-0.04390826449 0.8361138701 1.256488919)
(-0.2040927559 -0.8130521774 1.733813763)
(-0.6428518891 0.5358791947 1.860773802)
(0.1203162223 -0.8286291957 1.272246838)
(-0.8085541129 0.06573425233 1.715669155)
(0.2721992135 0.7905798554 1.736847878)
(0.7738907933 -0.3129591346 1.721850157)
(0.7731356621 0.3138929009 1.280801773)
(0.812377274 -0.1788499206 1.286277771)
(0.8115928173 0.1799122542 1.716320276)
(-0.2691775858 0.788012445 1.31916213)
(-0.6674150825 -0.4892447293 1.552545786)
(-0.2398722768 -0.7736757398 1.566119075)
(0.1147908866 0.8280611634 1.850898981)
(-0.5810035467 -0.5971221924 1.096038341)
(0.7583498359 -0.363040477 1.554417968)
(-0.6391800046 0.5406106114 2.07306385)
(0.7324064374 0.351642251 1.44837141)
(0.2785892785 -0.7874106169 1.155984759)
(0.3163561821 0.7753858566 1.566638589)
(-0.3565473854 -0.7534019351 1.847437262)
(-0.1208299249 0.8267365098 0.9760389328)
(-0.7920068502 0.2394073606 1.50370574)
(-0.8300346732 -0.07771745324 1.143748522)
(-0.7579341531 -0.3449547887 1.677671671)
(-0.2792450488 0.7846849561 1.10217154)
(0.07839645445 -0.8357861042 1.443376422)
(0.4248209894 0.7173886895 1.846504092)
(-0.7672128677 -0.3238152862 0.9719067812)
(0.1156365201 0.8252091408 2.069390297)
(-0.1214378178 0.824033618 0.7582748532)
(-0.7616245747 0.3255353868 2.017431736)
(0.1183954179 -0.8243504763 0.9371976852)
(-0.2018820792 -0.8071734905 2.066071749)
(0.4986908436 -0.6670196652 1.113418341)
(-0.7666435838 -0.3245678246 0.7527971864)
(-0.827673912 0.08939462155 0.9299353957)
(-0.8276795745 0.08707406372 0.5836550593)
(-0.7592028976 -0.3382882774 1.893909097)
(-0.5142073631 0.6545090675 2.192134619)
(-0.7659865022 -0.3266816437 0.4082410634)
(0.693484962 -0.4616038799 1.83740437)
(0.1197516099 0.8232999444 2.414984465)
(0.6925345659 0.4624596238 1.164996028)
(-0.7654878497 0.3255022168 2.240220547)
(-0.5039750338 -0.6618823409 2.192154407)
(-0.5110390186 -0.6548893452 0.8070399165)
(-0.5121891499 0.6559245586 2.41484189)
(-0.1232920214 0.8229449391 0.4117301106)
(-0.1277502179 0.8232474923 2.714179754)
(-0.131099239 0.8204323649 2.365002155)
(0.1271631569 0.822301805 1.160959005)
(-0.7662053108 0.3268208206 2.588721514)
(-0.5111691356 -0.6573815942 0.5847389102)
(0.1235451177 0.8225372434 2.762964725)
(0.4293328226 0.7115909457 2.066376925)
(-0.1212694198 -0.8217475414 2.363445282)
(-0.03854919597 -0.8324834704 1.835840583)
(0.1209436432 -0.8224722743 0.5885732174)
(0.7681606412 -0.3168232739 2.060355663)
(0.1293148994 0.8200363517 0.9380736351)
(-0.5101840496 0.6573435664 2.76301074)
(-0.5058302879 -0.6602504253 2.414367437)
(-0.8279212117 0.08354287595 2.538769245)
(0.2800267339 0.7832728624 2.19389987)
(-0.1228640005 -0.822121203 2.587070942)
(0.7680060267 0.3171112537 0.94212538)
(0.1286123097 0.8206968307 0.5884468555)
(-0.7623925209 -0.3318410516 2.239572048)
(-0.5079864264 -0.658650279 2.762675047)
(-0.6842818856 0.4722198546 2.367662668)
(-0.7640618682 -0.3291135132 2.587896347)
(-0.8267698288 -0.07923011482 0.8024083376)
(-0.7635354996 0.3288340569 0.4119615257)
(0.2929919958 -0.7682544589 1.697615147)
(-0.8277128935 -0.0849949941 2.762231827)
(-0.1290584505 -0.8205568194 0.6387494206)
(-0.1275435239 -0.8211882114 0.413556695)
(-0.7621149421 0.3298075199 0.6354801059)
(-0.6829527021 -0.4719588458 0.6288087368)
(0.5059205294 0.6597802639 2.587544441)
(0.504280746 0.661598742 2.364197016)
(0.5032521486 -0.6618856192 0.7648442984)
(-0.8259883523 -0.0892656818 2.063130856)
(-0.7912757993 0.2514507472 1.28346622)
(0.8280314803 0.08756604791 2.712343931)
(-0.5076393485 0.6593170762 0.4613445401)
(0.7618265748 0.3312486708 2.536678076)
(-0.6306904554 -0.540897727 0.2361161113)
(0.1279905438 -0.8224570155 2.53606987)
(0.8251488209 0.09134308249 2.36089325)
(0.2815062404 -0.7820155024 0.8110327721)
(0.7626754641 0.3293531537 2.761422157)
(-0.8266672492 -0.08151806891 0.456928879)
(0.8250728846 -0.09289786965 0.7680579424)
(0.7616066933 -0.3311720192 0.4649101496)
(0.1266143322 -0.8211038709 2.761137009)
(-0.3468400243 0.7689735055 0.7984000448)
(0.505887866 -0.6592758894 0.4142733216)
(0.8254942298 -0.08910205215 0.4156189859)
(0.8250138164 -0.09500341862 0.9932595491)
(0.764306128 -0.3253063261 2.761187077)
(0.8247800469 0.09546411782 2.009314776)
(0.7657318115 -0.321721673 2.410214424)
(-0.682821095 0.4733975828 2.714824677)
(-0.3683864176 0.7448871136 2.539818287)
(0.7594177723 -0.3344080746 0.8181539178)
(0.2840334177 0.7808563709 2.540377855)
(0.7589235902 0.3348920047 2.184075356)
(-0.3569037765 0.7246803201 0.5963963442)
(0.7655696869 0.3214112818 0.5916011333)
(-0.3629823029 -0.7471380234 2.539851189)
(-0.3647970855 0.746491313 0.2376498133)
(-0.2889384329 -0.77927351 0.2865447998)
(0.1294782758 -0.8187888861 2.182945252)
(-0.7586313486 0.3315416575 0.9867393374)
(0.5099752545 -0.6565943956 2.711551189)
(0.8190521598 -0.1534130871 1.832630992)
(-0.6237390041 -0.5476719141 2.066060782)
(-0.6282860041 -0.5426490903 2.540034771)
(0.8188468218 0.1539996564 1.170095205)
(0.2844035924 -0.7801269889 0.46222049)
(-0.8261566162 -0.08478286117 2.412430525)
(0.5100904107 0.6546772718 0.4160193205)
(0.6288357973 0.5428050757 2.713095903)
(0.8148323297 -0.1577397436 2.186048985)
(0.5113745332 -0.6539573073 2.358897448)
(-0.1368308216 0.8183581233 1.888440847)
(0.8147408366 0.1577270776 0.8163331151)
(0.8265554905 -0.0787826404 2.585711002)
(-0.6193226576 -0.5516425967 1.843627334)
(0.5112423897 0.6535915732 0.6420125961)
(-0.2940083742 0.7745735645 2.23770237)
(0.6261822581 -0.5448207855 0.6399877071)
(-0.5018419027 0.6603011489 0.9394972324)
(0.6777943373 0.478123337 2.410331249)
(-0.04801277816 -0.8222860694 1.167962313)
(0.2902891636 0.778226018 0.4638380706)
(0.760700345 -0.3389993906 1.174746633)
(-0.6280835867 0.542955339 0.5883910656)
(0.8140218258 0.161816448 0.4645780027)
(0.6313558817 -0.5381755829 2.58486104)
(0.685833931 -0.4671124816 2.185439587)
(-0.2979627252 0.7717640996 2.011324644)
(0.367413044 -0.7447026968 2.584251165)
(-0.6258376837 0.5435658097 0.8135785461)
(0.6831280589 0.4702104926 0.4648808241)
(-0.8257392049 0.08151049912 2.187381029)
(0.6855719089 0.467200458 0.8166990876)
(0.7593891621 0.340315342 1.827707291)
(0.6229295731 -0.5479088426 0.9929128289)
(-0.2910853624 -0.7757449746 0.7656925321)
(0.2912489176 0.7750325799 0.8170942068)
(0.5148299933 -0.6497725844 2.004715681)
(0.7179404497 0.4110810161 2.00660491)
(-0.4865665436 -0.6637461185 1.714419723)
(0.3690855801 -0.7418789864 2.230314493)
(0.5772223473 0.5948995948 0.9466209412)
(0.6166437268 0.5517665148 1.881063819)
(-0.4578017862 0.6941597699 1.890899365)
(-0.2125975788 -0.7987339497 0.9452661872)
(-0.4965483844 0.662229538 1.167454839)
(0.5856643915 -0.5788421035 1.700924993)
(0.5842324495 0.5808025003 1.301321983)
(-0.6718119383 0.4764467478 1.121141791)
(0.6665728092 -0.4856818914 1.303768516)
(-0.5227289796 -0.6220480204 1.283793211)
(0.5946847796 0.5639734864 1.525746345)
(-0.2934617996 -0.7669849992 1.127269983)
(0.3665463626 0.73598212 1.130180716)
(-0.3963365555 0.7150730491 1.470542312)
(-0.6681111455 0.4752942622 1.354933858)
(0.8076675534 -0.0483481586 1.518622041)
(0.194249019 0.7879138589 1.354327202)
(-0.2077510059 0.7850147486 1.697348714)
(-0.7162088752 0.3629145026 1.668595314)
(-0.2080376893 -0.7832296491 1.318145037)
(-0.02482059971 0.3357800245 2.842458487)
(-0.3751975894 -0.4618603885 2.860237837)
(-0.2019968182 0.3357586265 2.854086161)
(-0.3315484822 -0.6251186729 2.827270746)
(0.145902589 0.2950333953 2.839615822)
(0.02290947735 -0.4207803905 2.855155945)
(0.580435276 0.04619470611 2.832709074)
(-0.7592900395 0.1359290332 2.819494009)
(0.6953872442 -0.09780996293 2.85053277)
(0.08801809698 -0.2095609307 2.840224266)
(-0.6750310659 -0.3419572115 2.815741062)
(-0.1176304296 0.4986169338 2.842997789)
(0.1933519989 -0.4912183285 2.819392443)
(-0.5642797947 -0.4888789058 2.835083485)
(-0.189846918 -0.4960219562 2.837291717)
(-0.3139632344 0.1830874085 2.82152319)
(-0.2565247715 -0.3092113733 2.833996773)
(-0.4584781826 -0.1928517669 2.811706066)
(0.2803195715 -0.2573171854 2.81406498)
(-0.4903917015 -0.00208578934 2.835263252)
(-0.3874443173 0.3766176701 2.821378231)
(-0.1481986642 0.06177376583 2.789523125)
(0.3101508617 0.4868376851 2.820277214)
(0.2653329372 0.1403522789 2.830154181)
(0.466727376 0.3352722824 2.806865454)
(0.4966210127 -0.2487232238 2.810404062)
(-0.1364852041 -0.6932386756 2.799803019)
(-0.5971150398 0.4297848344 2.805930138)
(0.4531582296 0.7303058505 2.85273385)
(-0.5283834338 -0.682524085 0.1249675751)
(0.6900525689 -0.3713441193 0.219920665)
(-0.5132469535 0.2022637129 0.1663483679)
(-0.8050537109 0.2427027673 0.2422158718)
(0.4577044845 -0.6878376603 0.1716177613)
(-0.2652247548 -0.06517272443 0.1310655326)
(0.5428056717 -0.01457471866 0.2686275244)
(-0.538639605 -0.1263218522 0.3550408781)
(-0.1090375483 0.7906892896 0.1751827449)
(-0.1803717315 -0.5274523497 0.3524306715)
(0.768306613 0.3275313675 0.1981547177)
(0.6451207995 0.5037620664 0.1725329459)
(-0.1642088294 0.3464092612 0.4712713063)
(0.1918031722 0.03067808971 0.2339574248)
(-0.6942951679 -0.5517445207 1.23412931)
(-0.7674053311 -0.1267406195 1.594610095)
(-0.2746687233 0.8458554745 1.468943953)
(-0.5341923833 -0.2957991362 1.409694076)
(-0.8370350003 -0.1221464127 1.313269496)
(-0.7007035017 -0.4619788528 1.07054317)
(-0.794260025 -0.2652509808 1.151772618)
(0.2654242218 0.7560845017 1.958642364)
(-0.4234903753 -0.7219578624 2.026492357)
(0.03392418474 0.6154850125 0.3620819747)
(-0.005087105092 0.8322251439 2.563683748)
(0.02345725894 0.8297235966 2.243339777)
(-0.04048488662 0.4408040941 1.117837071)
(-0.2966497243 -0.7273156047 2.255645514)
(-0.1810474098 -0.7349236011 1.898466468)
(0.073375009 -0.8150280714 1.655375004)
(-0.304303199 0.724163413 2.798630953)
(-0.7942416668 0.2350577712 2.414757252)
(-0.05647411197 0.8390060663 0.5846011639)
(0.06495010108 0.8370931149 0.7634204626)
(-0.6015015245 -0.4843091965 2.301156282)
(-0.3602877557 0.2760304213 2.213029385)
(-0.5352836847 -0.07631660253 0.975872457)
(-0.8302536607 -0.1498716623 0.9733771086)
(-0.6180480123 0.4775958061 0.3262441456)
(0.2286811024 -0.8229150772 1.539761901)
(0.0256941393 -0.8286511898 0.7621703148)
(-0.2969866991 -0.7136176228 0.5247175694)
(-0.8096916676 0.1811359078 0.756172359)
(-0.7592677474 0.1020679474 1.943090677)
(-0.7813072801 -0.1189293861 1.843399644)
(-0.7953355312 -0.2734642327 2.065272808)
(-0.816247046 0.1398190707 1.121426582)
(-0.4584434628 -0.475276053 0.1808235794)
(-0.7337579727 -0.3777986765 0.224654749)
(-0.6116366982 -0.5395563841 0.4442917109)
(0.8240818381 0.154486537 2.537338018)
(0.18607153 -0.4085322916 0.9885976315)
(0.419285506 -0.7141773105 0.9373300075)
(-0.8233249188 0.01542141382 0.2764172554)
(-0.7955721617 -0.2331680507 0.5798960924)
(-0.8144903779 -0.1818864196 0.2980934382)
(0.8029583097 -0.2152917981 0.6170302033)
(0.8052855134 -0.2383117825 0.3171078861)
(0.8402537704 -0.004606810864 0.2408892661)
(-0.5809023976 0.5898444056 2.589600086)
(-0.1957875937 0.8165004849 2.540270567)
(0.212365061 0.5128651261 2.366066933)
(0.349137187 0.7651952505 2.36624527)
(0.7911316156 0.2760705352 2.359534502)
(0.8232277632 0.1587176323 2.185871363)
(-0.5162228346 0.6519703269 0.2785604894)
(-0.3058965206 0.7821372747 0.4116318822)
(-0.1220424846 -0.8209424615 0.2336827517)
(0.1832958758 -0.7201330662 1.93850863)
(-0.004361622967 -0.8217766881 2.03336072)
(0.06611266732 -0.8350394964 2.359093904)
(0.7053955197 -0.2859245241 1.890322566)
(0.8349244595 0.033803422 1.832122087)
(-0.4999209344 -0.650498867 2.588523388)
(0.7032681107 0.2858480513 1.112201214)
(0.8351857662 -0.03304406628 1.170205593)
(0.2671658397 -0.4879577458 0.4311755002)
(0.4229989052 -0.7111082673 0.5885694027)
(0.1569696665 -0.7860774994 0.2946744561)
(-0.825576365 -0.1521166712 2.587296486)
(-0.7955092192 -0.2695725262 2.413102627)
(-0.8255088329 -0.1552611888 2.238656759)
(0.4479422867 0.4386208653 0.3501411974)
(0.8318781257 -0.09261148423 2.010289192)
(0.8316634297 0.09315530211 0.9923808575)
(0.7963448763 -0.2642130256 2.586433649)
(0.8126909733 -0.1109529585 2.384670973)
(0.7389771342 -0.3941422105 0.6408365369)
(0.6411393285 -0.5003598332 0.4355395734)
(0.1092971414 -0.7681292295 1.105525255)
(0.3470468223 0.6735459566 0.3065093756)
(0.7876199484 -0.280277133 0.9970776439)
(-0.4858211279 0.6336138248 0.6987287402)
(0.8255941868 0.006811037194 0.5928922892)
(0.6246048212 -0.4856793582 2.793353796)
(0.7602949142 -0.3166774213 2.235275269)
(0.6552810669 -0.4927095771 2.386465788)
(0.5134006739 -0.6592056155 2.535008907)
(0.3163105547 -0.7262058854 2.79151845)
(-0.7399958372 0.3943188489 0.8105934262)
(0.7621241212 0.3175176084 0.7668742537)
(0.6514930725 0.5277295709 0.6415231824)
(0.4466799796 -0.3577660918 0.8164611459)
(0.6714413166 -0.5007817149 0.8172812462)
(0.2235509604 0.5238815546 0.6383638978)
(0.3545664251 0.7586725354 0.6401304603)
(0.5681643486 -0.615098536 2.18277812)
(0.6554481387 -0.5255699754 2.009701014)
(0.4122112989 -0.7185132504 1.848834634)
(0.5503522158 0.5133761168 2.16518569)
(-0.2840475142 -0.6252425909 1.702685237)
(-0.4287929237 -0.6981703043 1.515963554)
(0.2767690718 -0.7779129744 2.406574249)
(0.4630934596 0.6895129681 0.824467659)
(0.6756208539 0.457315594 0.9910138249)
(-0.0476227887 -0.8345768452 0.9929620624)
(0.6582818627 -0.4278202355 1.675010085)
(0.4373222888 -0.6686537862 1.596544504)
(0.5754758716 0.3726541102 1.312507987)
(0.7556513548 -0.3356850445 1.369890213)
(0.4984067678 -0.6243211031 1.328575969)
(0.2474578321 0.3705736101 1.676411271)
(0.6990067363 0.4237287939 1.643696427)
(0.4293261766 0.658166945 1.42742455)
(0.4744473994 0.6749632359 1.647700548)
(-0.4340363741 -0.6984356642 0.9931277037)
(0.5339372754 0.6427282095 1.127077222)
(-0.4879055321 0.5733783245 1.661753058)
(-0.5359185934 0.6249486804 1.359689236)
(0.7893473506 0.1598133743 1.509306192)
(0.03435581178 0.6590080857 1.440370321)
(-0.02551881038 0.7358437181 1.749911904)
(-0.2617649849 0.6479675421 1.860636799)
(-0.7432995439 0.3851712346 1.846830487)
(-0.02879668027 -0.7327496409 1.330578804)
(-0.3939363956 -0.7573361993 1.305894375)
(-0.01423921343 -0.4711117446 2.476613283)
(0.7235814333 0.1667762697 2.846662044)
(-0.7596972585 0.3153897822 2.773512363)
(0.8383680582 -0.07804787904 2.757193327)
(-0.01371411979 0.6800513864 2.831561804)
(0.1163887903 -0.6585278511 2.853608847)
(-0.4575879574 -0.5753926039 2.86376071)
(-0.3979333937 -0.3669701815 2.583953142)
(-0.6513990164 -0.1432821453 2.839437008)
(0.376198709 -0.430616349 2.617769957)
(-0.6429097652 0.01263985317 2.660408974)
(-0.2224057466 0.4269820154 2.516157865)
(-0.2711198032 -0.1043260321 2.806051731)
(0.1925992966 0.6483762264 2.833606005)
(0.4909210801 0.5417507887 2.844460011)
(0.3504288495 -0.05597634614 2.83245182)
(0.09473249316 0.006833408494 2.832199812)
(0.4430184662 0.1609018445 2.840564966)
(0.5944938064 0.3528010249 2.649873495)
(0.6252992749 0.4156834781 2.842302799)
(0.5800952315 -0.09842374176 2.627804995)
(-0.2853642702 -0.7882066369 2.714975357)
(-0.5492485166 0.2111225575 2.800440788)
(-0.5491258502 0.06756866723 0.1974481046)
(0.3589108586 -0.5483047366 0.1752218604)
(-0.1454528719 -0.2065826058 0.1820540875)
(0.645442307 0.1716310978 0.3240116239)
(0.5186340809 -0.2527772188 0.386782676)
(-0.5146399736 0.1512406021 0.5229190588)
(-0.3004923463 0.0008828712162 0.393266201)
(-0.3000038862 -0.3096916676 0.6918818355)
(-0.02004641853 -0.6204105616 0.5263192654)
(0.7520906329 0.3175854981 0.3834218383)
(-0.1673975587 0.3012637496 0.245970875)
(-0.181473881 0.5388734937 0.6976642013)
(0.1923731416 0.2010762245 0.1645802557)
(0.3623784482 0.1458684802 0.4810474813)
(0.2403587401 -0.1461179256 0.170493573)
(-0.6071946621 0.06619399041 1.542187929)
(-0.3794666231 -0.221954748 1.78432548)
(-0.6660168767 -0.2696453631 1.536328912)
(-0.7275138497 -0.117520161 1.435563564)
(-0.6218644977 -0.4637733996 0.85797894)
(-0.4753466249 -0.3675779998 1.164809704)
(-0.4927811027 -0.6580967307 1.884569645)
(0.124856703 0.7917870879 0.354981482)
(0.1757069975 0.4053609371 0.34444049)
(-0.1307756007 0.7884175777 2.121438503)
(-0.2637679577 0.5453355312 1.213878155)
(0.2088139951 0.531509757 0.9745789766)
(0.01384402066 0.654607594 1.050104856)
(-0.2330096215 -0.5440416932 2.074960947)
(-0.06879862398 -0.8248682022 1.545895934)
(-0.2985455692 0.5402098894 2.827443361)
(-0.5465375781 0.04937732592 2.338118792)
(-0.2821912468 0.5241753459 2.127362728)
(-0.5652111769 0.3335986733 2.13226676)
(-0.4635129869 0.4602024555 2.30427742)
(-0.6635676622 -0.1862603873 0.8616245985)
(-0.3836464584 0.4007687569 0.3651823997)
(-0.1308663935 -0.793764472 0.8017684221)
(-0.3309518397 -0.5563454628 0.6946651936)
(-0.5798153281 0.1669594347 0.8845071197)
(-0.4942283332 -0.275709182 2.107649565)
(-0.380056262 -0.3456225693 0.4122545719)
(-0.453832835 -0.639323771 0.3275308609)
(-0.3911451697 -0.3344654143 0.2350624055)
(-0.09660420567 -0.5289830565 1.061481357)
(0.4348719716 -0.3780935705 1.150041819)
(0.1073529422 -0.5921188593 0.8252242804)
(0.2973278761 -0.5833144188 1.069541931)
(-0.8231331706 0.1506817043 0.4068801701)
(0.2806806266 0.3205158412 2.578714132)
(-0.01375978254 0.6061757207 2.442949772)
(0.1410701126 0.6773179769 2.284607649)
(0.3483251035 0.6023218036 2.480530977)
(0.4213061035 0.7079728842 2.230325937)
(-0.1992123872 0.5689063072 0.3901537061)
(-0.3972732723 0.6756948233 0.3637622893)
(0.01023150887 -0.5448220372 1.768133521)
(0.2774082422 -0.7895213366 2.079275608)
(-0.01459537726 -0.6830101013 2.476256609)
(0.5291575193 -0.09539339691 1.687766433)
(0.7571253777 0.1778745502 1.877148509)
(0.01413701102 -0.2936585247 0.4507439136)
(0.09201639146 -0.457336545 0.3080052435)
(0.4431070685 -0.5067733526 0.5443329811)
(0.05004118755 -0.8494619727 0.4251288772)
(-0.7179647088 -0.4319616556 2.42894721)
(0.591811955 0.5294784308 0.3329846561)
(0.5614635944 -0.1288669705 2.071402073)
(0.7988257408 0.001000584452 2.142544985)
(0.5185451508 0.01040133648 1.073582053)
(0.5899993777 -0.3268486559 2.627698421)
(0.6510101557 -0.5395942926 0.2623470426)
(0.8079909682 -0.185292989 1.125467062)
(0.6714285612 -0.1627895981 0.8799748421)
(0.1985872835 -0.6869178414 2.648228407)
(0.3820349276 -0.5422233343 2.806056023)
(-0.5145572424 0.3423987627 0.7004082799)
(0.4580269754 -0.5310440659 0.8971021771)
(0.6026515365 -0.3502036929 0.94751513)
(0.438741982 0.4319347739 0.5890265703)
(0.2205347121 0.5862187147 0.4427002072)
(0.01490373258 0.6175069213 0.594209373)
(0.3932815194 -0.3665007651 1.908658743)
(0.5117368698 0.2713317871 2.30868721)
(0.2465380877 0.4254428744 2.038564682)
(-0.5689393282 -0.6038088203 1.456037641)
(-0.2109732926 -0.4990145266 1.433032513)
(0.3733382225 -0.6513181925 2.448709726)
(0.5541798472 0.5598545671 0.7729150653)
(0.6125993133 0.1480348259 1.273807049)
(0.4920524955 0.3734121025 1.099229455)
(0.494766593 -0.3397658467 1.467411637)
(0.8317272663 -0.2205696553 1.480154276)
(0.6025237441 -0.547488153 1.493968487)
(0.2418668717 0.566085577 1.814689279)
(0.4906598329 0.329064399 1.789971113)
(0.52720505 0.355270654 1.525763989)
(0.229385525 0.3915638924 1.330447793)
(0.5937842131 0.5547241569 1.704031229)
(0.3043864071 0.5568474531 1.57614255)
(0.371899277 0.5448753834 1.244457722)
(0.4513289034 0.6958728433 0.9914190769)
(-0.6576623917 0.5290966034 1.684605837)
(-0.3975074887 0.7418403625 1.698096395)
(0.8306509256 0.05118688569 1.349178314)
(-0.197300449 0.4975680709 1.574710846)
(0.008360036649 0.6640874147 1.95843637)
(-0.3886836171 0.4169857204 1.87289381)
(-0.8287534118 0.2300553918 1.842216849)
(-0.6789961457 0.4404132068 1.969756126)
(0.1475227177 -0.5697723627 1.466286182)
(-0.07217504829 -0.2896167934 2.652607441)
(-0.04225821048 -0.5360426307 2.682436466)
(0.1572052985 -0.4765394628 2.179131746)
(-0.4077513516 -0.5298011899 2.703969479)
(-0.4728331864 -0.3606218398 2.747669935)
(-0.2825042605 -0.5319476724 2.423108339)
(-0.4765625298 -0.4736891389 2.445823669)
(-0.5906838775 -0.2004991472 2.634869337)
(-0.1267709136 0.2500342727 2.644508362)
(-0.3905377686 0.541877985 2.532931328)
(-0.1801671237 0.6126919985 2.642460823)
(0.3393161297 0.670797348 2.698688269)
(0.2889142036 0.7971258164 2.844163179)
(0.2020123601 -0.1087124646 2.730615139)
(-0.002401577542 0.1579116434 2.831485987)
(0.4342211783 0.4806105197 2.657053709)
(0.3772838712 0.06957390159 2.600950718)
(0.6139618754 0.1271601915 2.622021913)
(0.3833830655 -0.2063103467 2.62131238)
(-0.4151539504 -0.7320811152 2.676084042)
(-0.673668623 0.1919517964 2.668828249)
(-0.4045253694 0.2592447996 2.591389179)
(0.3313799799 -0.6422032118 0.3390259445)
(0.5538232923 -0.2265245765 0.6327807307)
(0.5755504966 -0.2447783947 0.2259639204)
(-0.6142355204 0.1999709308 0.3475643694)
(-0.6147247553 -0.06603639573 0.5813539624)
(-0.4791772366 0.05018333346 0.3698236346)
(0.006733429618 0.06158921123 0.5109224319)
(-0.06692443043 -0.008956579491 0.973195374)
(-0.05107463524 -0.6634723544 0.3462058008)
(0.1481515914 -0.6434894204 0.4286584854)
(0.5595020056 0.3024022579 0.4617290795)
(-0.06254851818 0.4615643621 0.2881319225)
(-0.2151840627 0.5889786482 0.9478253722)
(-0.181891762 0.7063041493 0.6135181004)
(0.4562067687 0.2000218034 0.3233126402)
(0.5812239647 0.01939710602 0.5190290809)
(0.3417026401 -0.08237808943 0.3924541473)
(0.3020864427 -0.01295852102 0.1198133379)
(-0.584708631 0.1717923284 1.772167325)
(-0.539170444 0.07917009294 1.241905808)
(-0.5521003604 0.3032428324 1.491730452)
(-0.5705575943 -0.08353488892 1.729158878)
(-0.5647794008 -0.344081372 1.787003279)
(-0.437425673 -0.4784502685 0.9779843092)
(-0.6075422764 -0.2425779998 1.070967078)
(0.2492344827 0.2268863022 0.3472493589)
(-0.1176820472 0.6530841589 1.305489302)
(-0.4312485755 0.4476493001 1.053705335)
(0.3017186224 0.5796449781 0.8090419769)
(0.2634415924 0.7051647901 0.9831005931)
(-0.01612159051 0.6324102283 0.8246566057)
(-0.3490686715 -0.4538498819 1.872707367)
(-0.04801542684 -0.6471172571 2.203629494)
(-0.06634772569 -0.8427734971 1.691820264)
(-0.6699705124 0.002585126786 2.473523378)
(-0.6852332354 0.1615736932 2.281565666)
(-0.6092124581 0.008300243877 2.108083725)
(-0.4490506947 0.5619713664 2.032671928)
(-0.2577066123 0.4286708236 2.310865641)
(-0.5346596837 -0.3067615926 0.7062520981)
(-0.6715937257 0.001541428966 0.8719570637)
(-0.3542308807 0.5217474103 0.553435266)
(-0.5049666762 0.370075047 0.2341598719)
(-0.3173642159 0.2040741146 0.352326721)
(-0.1701608449 -0.4526574016 0.5687018037)
(-0.5983041525 -0.1733553857 2.29009819)
(-0.6377483606 -0.3657409847 2.031655312)
(-0.4300693273 -0.4777098894 2.117128134)
(-0.3786954284 -0.5293598771 0.4990115166)
(-0.5718619227 -0.32174927 0.3667264581)
(-0.3556931317 -0.1722328067 0.3406540453)
(-0.3516285419 -0.4947340488 0.32085374)
(-0.1932608485 -0.5890972614 0.8684291244)
(-0.1374341398 -0.7014180422 1.073420405)
(0.5631535649 -0.5045157075 1.157338619)
(0.09396604449 -0.5837037563 1.026019931)
(0.2270035297 -0.6448209882 0.6525679231)
(0.1765268445 -0.6166945696 1.250736594)
(-0.6924357414 0.1983343363 0.527277708)
(0.298302263 0.3231577873 2.754582644)
(0.09652156383 0.4784063101 2.665508985)
(-0.139189139 0.6208478212 2.263217211)
(-0.2443619669 0.4474781454 0.2815846801)
(0.1424943656 -0.6769782305 1.761078596)
(-0.09719041735 -0.6308879256 1.613170624)
(0.7210386991 -0.05119417608 1.695598364)
(0.7234044671 0.2373190075 2.040567637)
(-0.1768282801 -0.3176113069 0.3659647107)
(-0.01169817522 -0.2961160541 0.2694432735)
(0.1886107922 -0.3522639871 0.67838341)
(0.08911153674 -0.4639154673 0.500424087)
(0.4557129145 -0.4507151246 0.3391313553)
(0.4850844741 -0.2975008488 2.280990362)
(0.3347457349 -0.177021578 0.9911316633)
(0.5722981691 -0.1829941273 1.220748663)
(0.6390553713 0.05341182277 0.8956387639)
(0.1631679684 -0.4761617482 2.603716373)
(-0.5511892438 0.3590987325 0.4907547534)
(0.2728696466 -0.5401053429 0.8908256888)
(0.3689088821 -0.392904371 0.9791856408)
(0.4171940386 -0.5090574026 0.7228068113)
(0.2667034566 0.2186955512 0.8156965971)
(0.3865683377 0.5465824008 0.4705125988)
(-0.1130827814 0.5064079165 0.5348149538)
(0.5139791369 -0.1948185265 1.875007868)
(0.06400632113 -0.05636877567 1.768142343)
(0.559881866 -0.3363804221 2.034276247)
(0.4741726816 -0.5344154239 1.853735685)
(0.5808032155 0.01630499959 2.291947126)
(0.3871192932 0.4044550061 2.416154623)
(0.6226754785 0.396776855 2.269053936)
(0.4340775013 0.5135903359 1.98569715)
(0.2799844444 0.5684114695 2.181093216)
(-0.4179953635 -0.4420520663 1.584533691)
(-0.1605528295 -0.590390265 1.251336455)
(-0.4034181237 -0.4549082816 1.347723961)
(-0.2764539421 -0.6642085314 1.430990696)
(0.5301659703 0.4330001771 0.8936097622)
(0.5803486705 0.03537138179 1.488017917)
(0.5409604311 0.1930538863 1.107005715)
(0.6043429375 -0.2545159161 1.604133248)
(0.4884391129 -0.4412708283 1.314213276)
(0.06535425782 0.5322452187 1.647929668)
(0.4013135433 0.1456476599 2.036186457)
(0.3172966838 0.3902834654 1.858836889)
(0.6212121844 0.2347612679 1.662744641)
(0.1458116025 0.5401147604 1.1876508)
(0.3958528638 0.2140537202 1.371721387)
(0.6298037767 0.423694253 1.787207961)
(0.2205363214 0.5875721574 1.391180038)
(0.3327631354 0.377440542 1.49828124)
(0.439756155 0.4554083049 1.659531236)
(0.3844386637 0.5262751579 1.053255677)
(-0.6003932953 0.4061942697 1.773360133)
(-0.03547027471 0.4042095685 1.386741918)
(-0.3973785341 0.4910376966 1.474056125)
(-0.2354097366 0.676246345 1.551297903)
(0.1788257211 0.5928442478 1.988978505)
(-0.170499593 0.6300719976 2.014903068)
(-0.4830805714 0.5418292414 1.822924965)
(-0.3308620651 0.5572118373 1.715222845)
(-0.07551315427 0.2574905455 1.98111248)
(0.03301068395 -0.2832531929 1.28614521)
(0.303506583 -0.4290423095 1.651117444)
(-0.0761334151 -0.1234186664 2.76434803)
(-0.2647637725 -0.2301997095 2.648726225)
(-0.2152492553 -0.4348221421 2.644334316)
(-0.000294073252 -0.7162101865 2.67659688)
(0.1755281538 -0.4754015207 1.9349401)
(0.1664859653 -0.5772102475 2.384510994)
(0.3288183808 -0.5784445405 2.092347145)
(-0.1173245981 -0.1850318164 2.213789702)
(-0.1968601793 -0.6733876467 2.505873203)
(-0.5371595621 0.479742378 2.461361408)
(-0.4612167478 0.4916615486 2.696500301)
(0.01351633389 0.06035794318 2.615288496)
(0.4405601323 0.242778331 2.643776894)
(0.4680442512 -0.01048641372 2.71941328)
(0.5924983621 0.2578888536 2.482664347)
(-0.5832383037 0.2193438411 2.47125864)
(-0.2292917222 0.1902336329 2.416677475)
(-0.273781538 0.3557471037 2.678008795)
(-0.3613476455 0.03811793029 2.646708488)
(0.6619101763 -0.1664896011 0.483995676)
(0.5546624661 -0.3674612641 0.5207846165)
(-0.3514868319 -0.00634370232 0.7352946997)
(-0.7787966728 -0.0703959167 0.636331141)
(-0.6763927937 -0.1792230755 0.4567966163)
(-0.09027992189 -0.07801909745 0.3606724143)
(0.01529674977 0.2438678741 0.372081995)
(-0.0675868541 -0.2931618691 0.8796073794)
(-0.08631051332 0.2376342863 0.765350163)
(-0.1579003632 0.6496033073 1.109272718)
(-0.3676688373 0.475610435 0.8176144361)
(-0.3484985232 0.6186662316 1.069392681)
(-0.2265717799 0.6546490603 0.781212322)
(0.6825336814 0.006457350217 0.3747885525)
(0.6794322133 0.1422171742 0.6572865844)
(0.1929007769 0.04687019438 0.4349235296)
(0.2237057835 -0.2748976648 0.363990277)
(0.4745752513 -0.1253554225 0.5064035654)
(-0.4212226868 0.1784913689 1.977235675)
(-0.3253214061 0.1282649338 1.037852883)
(-0.2363631278 -0.04277374968 1.463358879)
(-0.6614508033 0.01723662019 1.097833872)
(-0.7273698449 0.07103263587 1.27651453)
(-0.6290181875 0.24802576 1.139424562)
(-0.5126116276 -0.07506837696 1.399383545)
(-0.3018563986 0.216266647 1.652981162)
(-0.5400592685 -0.1769587398 1.921302557)
(-0.6406722665 -0.1947452724 1.26714313)
(-0.2317688167 0.4216840565 1.058395863)
(-0.5512068272 0.3716364503 0.9024885297)
(0.1492553204 0.6683959961 0.7375229001)
(-0.1730078012 -0.5429832339 1.846058607)
(-0.1137375757 -0.5767008066 2.361681461)
(0.1139278859 -0.6461715102 2.10113883)
(-0.7082785964 -0.02110596746 2.285308599)
(-0.6704902649 0.1839241236 2.097172499)
(-0.4036412537 0.398049593 2.089128256)
(-0.323380053 0.6140640974 2.356686592)
(-0.3840265274 0.3117389679 2.40397644)
(-0.6653311849 -0.1936235726 0.6879820824)
(-0.4467706084 -0.4472721219 0.7935256958)
(-0.4244209528 -0.1812410355 0.5574139953)
(-0.6310113072 0.1008627862 0.6980788708)
(-0.5707012415 -0.2925824225 2.453639746)
(-0.647600472 -0.1725286543 2.111894846)
(-0.5028746128 -0.4802062511 1.955960155)
(-0.3116182685 -0.5442191958 2.241593599)
(-0.5166065693 -0.3997037709 0.5378133655)
(-0.422054112 -0.07227159292 0.4214419723)
(-0.03563301265 -0.6752254367 0.9036827087)
(-0.06146088615 -0.5487780571 0.7151323557)
(0.1899240464 -0.7171299458 1.389236093)
(-0.6828017235 0.03440803662 0.4411322475)
(0.01529416349 0.3525725007 2.458239794)
(-0.06198967621 0.4905698597 2.575758219)
(0.06502410769 0.6716279983 2.652011871)
(0.2640457451 0.5269771218 2.620711088)
(0.08362590522 0.4981872439 2.850315809)
(0.04443811625 0.4674682021 2.183460712)
(0.008109864779 0.6608085632 2.149023056)
(-0.03970019519 -0.5791079402 1.440489531)
(0.3826310337 -0.3329699039 0.6268416643)
(0.2802793086 -0.4838187098 0.6063972712)
(0.5866817236 -0.2124814242 2.44791317)
(0.4487219751 -0.4547170699 2.419392109)
(0.2330241352 -0.159427166 2.113674402)
(0.4613033533 -0.1362282336 0.8133062124)
(0.6525417566 -0.01706125587 1.199023128)
(0.5304474235 -0.1824376881 1.02629292)
(0.1386429369 -0.2214622796 2.460605383)
(0.1303969473 -0.2831145227 2.656147957)
(-0.3556225002 0.2945921719 0.5601379871)
(0.1463636756 -0.05813008919 0.7572885752)
(0.3256881535 0.3939302564 0.7463923097)
(0.2353355437 0.2805553079 1.080403686)
(0.3155774176 0.0953912735 1.75472784)
(-0.1084695831 -0.2845649421 1.638374686)
(0.6125435233 -0.2549034059 2.175160885)
(0.5259723067 0.02134848759 2.481079578)
(0.6097491384 0.07187564671 2.093930244)
(0.5139978528 0.5189774633 2.474651575)
(0.6672697663 0.4350633621 2.138423443)
(0.3850778341 0.3880715668 2.190434694)
(-0.4887066782 -0.2613990009 1.624000788)
(-0.5216158032 -0.4943242073 1.712850213)
(-0.3551313877 -0.5618714094 1.160284162)
(-0.04575987905 -0.6715090275 1.191771388)
(0.5985133648 0.2470086813 0.8599267006)
(0.6120387912 0.212115407 1.446586251)
(0.6392181516 -0.156254068 1.419846535)
(0.3204793036 -0.538561821 1.367931604)
(0.1297433227 0.7065716982 1.651988626)
(-0.084855102 0.5322207212 1.808843136)
(0.5237938762 0.3189584017 2.002102613)
(0.6796272993 0.0870090723 1.611781955)
(0.2240010649 0.6908758879 1.215369344)
(0.04021796584 0.6796795726 1.225402832)
(0.4377762675 0.1678904444 1.576045871)
(0.3078090548 -0.09437605739 1.379273176)
(0.5231980681 0.4338990748 1.893566966)
(0.4498923719 0.477558434 1.397230625)
(0.1170212924 0.153059274 1.495937467)
(-0.2041253454 0.50822069 1.364853653)
(-0.03891769424 0.5205836296 1.511576891)
(-0.5792174339 0.4866777658 1.519650459)
(-0.4662586749 0.3708910346 1.278228402)
(-0.07168835401 0.6811217666 1.595970392)
(-0.1792622507 0.3444109261 2.13830781)
(0.1701690108 0.201275155 1.945119619)
(0.2306748927 -0.2756550908 1.170110822)
(-0.2072881162 -0.3424963951 1.234521031)
(0.05215261504 -0.46417135 1.188877225)
(0.14952299 -0.5314136743 1.64720273)
(0.4761364162 -0.3809930384 1.731284618)
(0.2898256183 -0.1845899224 1.741635442)
(-0.0833914727 -0.2828190625 2.836578131)
(0.2889417708 -0.5548279285 1.798555255)
(0.3380409181 -0.3579468429 2.124570608)
(-0.03972483054 -0.3686202765 2.042072058)
(-0.1733129621 -0.2901067734 2.428702116)
(-0.3588150442 -0.09406357259 2.232610226)
(-0.2377582043 -0.6128994823 2.672194958)
(0.1570066214 0.1903301776 2.668618202)
(-0.5873436928 0.3221299648 2.316453934)
(-0.5712438822 0.3568587303 2.607363462)
(-0.4032978714 0.105990015 2.464291811)
(-0.4204163551 -0.1347240061 2.642733574)
(-0.2620503902 0.1633441895 2.583306551)
(-0.1719040573 -0.04568229616 2.587810993)
(-0.4072248042 -0.1899352819 0.8399871588)
(-0.1212751567 -0.1406994462 0.6102312207)
(0.1566958726 0.2508120239 0.5792577267)
(0.03637649864 0.06529404968 0.328276813)
(0.08107481897 -0.402502656 0.8286112547)
(-0.2627075314 -0.3855889738 0.8908540011)
(0.08332534134 0.4098519087 0.8033217192)
(0.47740677 0.2253316492 0.6491049528)
(0.6309512258 -0.05139841512 0.7107224464)
(0.379132539 -0.2494474798 0.2583866417)
(-0.1910627633 -0.03296616301 1.949401021)
(-0.327950269 0.2265754938 0.8119874001)
(-0.4273289442 0.05642394721 0.8962824345)
(-0.08836404979 0.1625695378 1.217755675)
(-0.3029054403 -0.2718972862 1.463178158)
(-0.6517502666 0.1774978936 1.404308558)
(-0.5129272342 0.125371471 1.055739999)
(-0.3958690464 0.1328956038 1.426869631)
(-0.4146423936 -0.02562503889 1.58795476)
(-0.4138513207 0.2448403239 1.801380277)
(-0.431242615 0.3762606978 1.641814947)
(-0.4820490777 0.1832322627 1.616544604)
(-0.401987493 -0.01128362678 1.858736753)
(-0.4232353568 -0.1323631853 1.182403564)
(-0.1750045717 0.4035806358 0.8575215936)
(-0.0570245944 -0.6095195413 1.998471141)
(-0.5942395926 0.2784028053 1.960119486)
(-0.5327564478 0.4472273588 2.05130291)
(-0.1878497601 0.5928639173 2.467440367)
(-0.6473807692 -0.04772042483 0.7294275165)
(-0.6861225367 -0.2178896815 1.965525746)
(-0.4474126399 -0.002759052208 0.58432585)
(0.05462590605 -0.6765732765 0.6765417457)
(-0.05405881256 0.1793382317 2.485514879)
(0.1032257304 0.4938356876 2.49576664)
(-0.07297605276 0.4580355883 2.330019474)
(0.0452727899 0.4302223027 1.9759413)
(0.06582779437 -0.6568263769 1.396716714)
(0.3709433675 -0.3351606727 0.4475388527)
(0.135356605 -0.5096520782 0.6836279035)
(0.3347761035 -0.5457522869 2.286701441)
(0.4103151262 -0.1010555327 2.22524929)
(0.3751409054 -0.06314139068 1.979368806)
(0.2887387872 -0.2362129837 0.8061831593)
(0.3564035296 0.03637729213 0.9168723226)
(0.6735483408 0.08599311858 1.061850786)
(0.6305012703 -0.06622525305 0.9959050417)
(0.0275898464 -0.3358987272 2.300059557)
(0.2507429123 -0.3941695988 2.434327125)
(0.2537739873 -0.07648772001 2.539028883)
(0.02527119778 -0.1325214654 2.5915308)
(-0.2010837495 0.3510086536 0.6602140069)
(-0.2004086077 0.1373800933 0.537103951)
(0.1058209687 -0.1624973565 0.9599112868)
(0.3072109222 -0.02493031323 0.6096806526)
(0.1168571487 -0.1254424304 0.5494621992)
(0.07402666658 0.1215730086 0.8638046384)
(0.3439719379 0.10834831 1.178705573)
(0.3586502671 0.3149830103 1.217787981)
(0.4019136429 0.2462775856 0.9667135477)
(0.3737094402 0.2190503031 1.873214126)
(0.03852276132 -0.3740495145 1.492552519)
(-0.199870646 -0.4610550106 1.628082871)
(0.659031868 -0.1418572664 2.302887678)
(0.7095960379 0.02075190842 2.484980583)
(0.6496343017 0.1759100407 2.237878084)
(0.5985192657 0.01569797099 1.874425054)
(0.5955370665 0.498968482 2.021393299)
(0.1780728549 0.2786968052 2.281658173)
(-0.4428367317 -0.3707454801 1.710165381)
(0.7406818271 0.1805945039 1.360420466)
(0.4170459807 -0.4995970726 1.521929502)
(-0.1991800964 0.3482142985 1.791786432)
(0.2191213965 0.6182249188 1.090148807)
(0.3649781346 0.2508491278 1.70575428)
(0.3511767089 -0.0308336392 1.582024455)
(0.4655807316 -0.1873221397 1.369790435)
(0.459387958 0.02794196643 1.326738477)
(0.3811306059 -0.1048524231 1.182788134)
(0.4166235328 0.5455884337 1.808948159)
(0.01896239072 -0.09184292704 1.510246992)
(0.1262671053 0.3599603176 1.508341193)
(-0.1321724504 0.1880687028 1.467051625)
(-0.5331985354 0.6429393888 1.521578312)
(-0.4055277109 0.5278015733 1.307482004)
(-0.3520843983 0.2919243872 1.140923262)
(-0.2665935457 0.2982310355 1.96933794)
(-0.09431608021 0.08922103047 2.198612452)
(0.09728675336 0.169794485 1.72679925)
(0.2726329267 -0.4557078481 1.205768466)
(-0.05278290063 -0.3056153059 1.092083693)
(0.07995280623 -0.2993513346 1.794086933)
(0.3107947707 -0.2460874766 1.534508467)
(0.4135983884 -0.5224586725 1.710390329)
(0.4951935708 -0.4452552497 2.169580936)
(-0.1732313931 -0.2998416722 1.862674594)
(0.1495321691 -0.3256479502 2.056473255)
(-0.2638792098 -0.3115617037 2.081305504)
(-0.3680681586 -0.3233948946 2.300642967)
(-0.01253460068 -0.2990904748 2.490893364)
(-0.4316559732 0.08804427087 2.172690392)
(0.03322719037 0.314845264 2.677830458)
(-0.6754583716 0.4342848659 2.519508362)
(-0.4312862158 -0.1026337966 2.432578802)
(-0.2886645198 0.2842032313 2.508873463)
(-0.2050899118 -0.08453968912 2.380493641)
(-0.1990286559 -0.1225670278 0.8408098221)
(-0.5197774172 -0.3179853857 0.921543479)
(0.03347278014 -0.2238258123 0.7155247331)
(-0.216636017 -0.1657224148 0.4575267434)
(0.3095218241 0.3277159035 0.4965902865)
(0.07880558074 0.4329964817 0.5238217115)
(-0.03827983141 0.2401105464 0.5760695934)
(0.1023014486 -0.1199544519 0.3472998738)
(-0.2549111545 -0.4281253517 1.073934078)
(-0.1479962617 -0.3921094239 0.7494077682)
(0.09319303185 0.3780713081 0.9934836626)
(0.05203023925 -0.01091843937 2.017029285)
(-0.1705986559 0.006761446595 1.701460957)
(-0.4506729543 0.1463968903 0.6975053549)
(-0.1347223967 -0.09293960035 1.229429722)
(0.08052501827 0.2450350374 1.31095469)
(-0.1156633943 0.2165244073 0.9941492081)
(-0.6294668317 0.3148668706 1.299989939)
(-0.3004239786 0.3193678238 1.400544194)
(-0.267234385 -0.1589780003 1.62770474)
(-0.5657560825 0.06143048406 1.928474307)
(-0.3877015114 -0.272932142 1.29816103)
(-0.3610648513 -0.05186819285 1.029253721)
(-0.3248883188 0.05130399391 1.239780307)
(-0.05417351797 0.5046418905 0.9482063055)
(0.04588002711 -0.5039376616 2.065019608)
(-0.5071082711 -0.1403122991 0.7132052779)
(0.1407468617 0.6341977716 2.435768604)
(-0.08505672962 0.268366009 2.320196629)
(0.02640029416 0.5728828907 2.296410084)
(-0.09214153886 0.4831433594 2.072993994)
(0.1134205684 0.4270322323 1.79863441)
(0.2325882465 -0.04315102845 1.855117559)
(0.2687196136 -0.2189133316 1.931941032)
(0.4860827327 0.06944602728 0.7709159255)
(0.0852400586 -0.1274175048 2.271043778)
(-0.1613481194 -0.4052676559 2.259032965)
(0.2191028446 -0.2856124937 2.268806934)
(0.3858506978 -0.1766407639 2.415862322)
(0.3193176091 0.08131490648 2.362472534)
(-0.1404719204 0.137821421 0.3578872681)
(-0.09511847794 0.04729338735 0.6886988878)
(0.4044565856 -0.1535888612 0.6563019753)
(0.1987476051 0.1048990935 0.6858646274)
(0.0873343423 0.2459103763 0.7405119538)
(0.2184392214 0.1392686069 0.9699788094)
(0.2386401296 0.09149332344 1.34867382)
(-0.1276942343 -0.3278851211 1.40851295)
(0.7043527365 0.1650804877 2.426278591)
(0.4845775366 0.1469328105 2.189460993)
(0.4343465567 -0.02042850479 1.817656994)
(0.6760144234 -0.1234513819 1.941902757)
(0.5763532519 0.1959650814 1.879139423)
(0.1137105599 0.3001089394 2.100976229)
(0.1816179007 0.359562397 2.429866314)
(0.1755414158 -0.09472897649 1.618617058)
(-0.06121991947 0.3301688731 1.620639682)
(-0.01118490938 0.05466007814 1.372156978)
(-0.2377938032 0.157096833 1.831932306)
(-0.2086932659 -0.04323619232 2.134619474)
(-0.2065305114 0.1324024051 2.047665119)
(0.2445154041 -0.36841923 1.80897069)
(0.01931700669 -0.4025006294 1.665105224)
(0.1526591778 -0.2076655179 1.423319578)
(0.3154591322 -0.319269985 1.347214699)
(0.431055814 -0.2329753637 1.656544805)
(0.303238064 -0.6183667779 1.65729022)
(-0.03499421105 -0.4087999463 1.870586634)
(-0.3953517079 -0.2944846153 1.953126192)
(-0.122136794 -0.1964903772 2.022333145)
(-0.5353604555 -0.3305993676 2.264598608)
(-0.1119042635 -0.1794675291 2.525497675)
(-0.2680811286 0.1211192235 2.250482321)
(0.0897384733 0.3793852329 2.570535421)
(-0.3430109024 -0.253012687 2.460690022)
(-0.01167573687 -0.01559882704 2.421744108)
(-0.2217473686 0.07164943963 0.877661407)
(-0.07228864729 -0.3100788891 0.6036910415)
(-0.2653369307 -0.03128545359 0.5740877986)
(-0.2592976987 -0.3143864274 0.5272507071)
(-0.149098888 -0.3606951237 0.9884472489)
(-0.3616176546 -0.2590578198 1.035415411)
(0.01085069776 0.1189684048 1.886578322)
(-0.3347401023 0.05872637033 1.715819597)
(-0.2209712267 -0.1353605539 1.802528381)
(-0.05853803456 -0.1201292127 1.662995219)
(-0.09971333295 0.03323796764 1.543088079)
(-0.1791308224 0.04193510115 1.111036181)
(0.110190101 0.363942802 1.179206133)
(-0.1515890738 0.2971689338 1.304818814)
(-0.3084416688 -0.3213165104 1.623176336)
(-0.1001026705 0.5171566606 0.8133025765)
(-0.3528691232 -0.1621504724 0.6955906153)
(-0.01957855187 0.2943197191 1.805435062)
(0.0817835927 -0.1854477078 1.946753383)
(0.1258862615 0.07883835584 2.204432011)
(0.1471285075 0.1274965554 2.470246315)
(0.4064400196 0.2202591747 2.458289862)
(0.2560781837 -0.08620674163 2.323204279)
(0.284262687 -0.1942405105 0.5249211192)
(0.2849842012 -0.1068581343 0.7322078943)
(0.214336291 -0.03499684855 1.081822276)
(0.04572679847 0.1251582503 1.072378755)
(-0.1327134967 -0.1789894104 1.500688434)
(-0.06537032127 -0.4608474672 1.316316485)
(0.3622579873 -0.1386545748 1.857371926)
(0.7015887499 -0.1830879897 2.077557802)
(0.6470690966 0.1161355153 1.763161898)
(-0.3868350387 -0.1100154743 2.033720255)
(-0.3881901205 0.04129910469 2.319072008)
(-0.2616660595 -0.3580350876 2.526385784)
(-0.02377718128 0.1213261038 2.339059114)
(-0.3270593584 -0.2337328196 0.4513548911)
(-0.1843871325 -0.1604482234 1.039561748)
(-0.2342804223 0.1849661469 1.15640223)
(0.02711513638 -0.1800797582 2.113731146)
(0.2338614613 0.04995907843 2.04689312)
(0.2959126234 0.1607300639 2.192460775)
(0.1258534193 -0.0670703426 1.269595385)
(0.174061358 0.1560742259 1.190068722)
(0.6690801978 -0.05325774476 2.124401808)
(-0.355927974 0.1783659756 2.349174023)
(-0.3200239539 -0.1270694137 0.5157305598)
(0.297026664 0.08811919391 1.909451127)
(0.01980533265 -0.1335663497 1.126752973)
(-0.01441058982 -0.1296292394 1.346194029)
(-0.04043869674 -0.8443620801 2.827223539)
(0.6429350376 -0.1911160946 1.760123372)
(-0.5650067329 -0.460336864 1.287825823)
(0.7706315517 0.0277553387 2.834106445)
(0.07680381834 0.1537630856 0.09569574893)
(0.5607925653 0.3912602365 0.713373661)
(0.5633023977 0.4298799634 0.4188427031)
(0.5111179948 -0.2475295663 0.5142145157)
(0.6070751548 -0.307233423 1.111176252)
(0.4831318855 0.1185456812 1.21659267)
(0.2300636917 0.2347338796 1.796705246)
(-0.1414531618 0.3048439622 2.469533205)
(0.168434754 -0.3472767174 1.670828462)
(0.03007239103 0.2592061758 2.554760456)
(-0.03282700852 0.4859637618 0.6716170907)
(0.2224605679 -0.4007284045 1.486145377)
(0.631605804 -0.3240934312 1.268818617)
(0.2347344905 0.1804511696 1.647048116)
(0.04682454839 -0.2456363589 1.646715045)
(0.1416041702 -0.1765578538 1.737785935)
)

// ************************************************************************* //
