/*--------------------------------*- C++ -*----------------------------------*\
| =========                 |                                                 |
| \\      /  F ield         | OpenFOAM: The Open Source CFD Toolbox           |
|  \\    /   O peration     | Version:  1.5-dev                               |
|   \\  /    A nd           | Revision: 1418                                  |
|    \\/     M anipulation  | Web:      http://www.OpenFOAM.org               |
\*---------------------------------------------------------------------------*/
FoamFile
{
    version     2.0;
    format      ascii;
    class       labelList;
    note        "nPoints: 830 nCells: 328 nFaces: 1398 nInternalFaces: 570";
    location    "constant/polyMesh";
    object      neighbour;
}
// * * * * * * * * * * * * * * * * * * * * * * * * * * * * * * * * * * * * * //


570
(
1
4
2
5
3
6
7
5
8
6
9
7
10
11
9
12
10
13
11
14
15
13
16
14
17
15
18
19
17
20
18
21
19
22
23
21
24
22
25
23
26
27
25
28
26
29
27
30
31
29
32
30
33
31
34
35
33
36
34
37
35
38
39
37
40
38
41
39
42
43
41
44
42
45
43
46
47
45
48
46
49
47
50
51
49
52
50
53
51
54
55
53
56
54
57
55
58
59
57
60
58
61
59
62
63
61
64
62
65
63
66
67
65
68
66
69
67
70
71
69
72
70
73
71
74
75
73
76
74
77
75
78
79
77
80
78
81
79
82
83
81
84
82
85
83
86
87
85
88
86
89
87
90
91
89
92
90
93
91
94
95
93
96
94
97
95
98
99
97
100
98
101
99
102
103
101
104
102
105
103
106
107
105
108
106
109
107
110
111
109
112
110
113
111
114
115
113
116
114
117
115
118
119
117
120
118
121
119
122
123
121
124
122
125
123
126
127
125
128
126
129
127
130
131
129
132
130
133
131
134
135
133
136
134
137
135
138
139
137
140
138
141
139
142
143
141
144
142
145
143
146
147
145
148
146
149
147
150
151
149
152
150
153
151
154
155
153
156
154
157
155
158
159
157
160
158
161
159
162
163
161
164
162
165
163
166
167
165
168
166
169
167
170
171
169
172
170
173
171
174
175
173
176
174
177
175
178
179
177
180
178
181
179
182
183
181
184
182
185
183
186
187
185
188
186
189
187
190
191
189
192
190
193
191
194
195
193
196
194
197
195
198
199
197
200
198
201
199
202
203
201
204
202
205
203
206
207
205
208
206
209
207
210
211
209
212
210
213
211
214
215
213
216
214
217
215
218
219
217
220
218
221
219
222
223
221
224
222
225
223
226
227
225
228
226
229
227
230
231
229
232
230
233
231
234
235
233
236
234
237
235
238
239
237
240
238
241
239
242
243
241
244
242
245
243
246
247
245
248
246
249
247
250
251
249
252
250
253
251
254
255
253
256
254
257
255
258
259
257
260
258
261
259
262
263
261
264
262
265
263
266
267
265
268
266
269
267
270
271
269
272
270
273
271
274
275
273
276
274
277
275
278
279
277
280
278
281
279
282
283
281
284
282
285
283
286
287
285
288
286
289
287
290
291
289
292
290
293
291
294
295
293
296
294
297
295
298
299
297
300
298
301
299
302
303
301
304
302
305
303
306
307
305
308
306
309
307
310
311
309
312
310
313
311
314
315
313
316
314
317
315
318
319
317
320
318
321
319
322
323
321
324
322
325
323
326
327
325
326
327
)


// ************************************************************************* //
