/*--------------------------------*- C++ -*----------------------------------*\
| =========                 |                                                 |
| \\      /  F ield         | OpenFOAM: The Open Source CFD Toolbox           |
|  \\    /   O peration     | Version:  1.5-dev                               |
|   \\  /    A nd           | Revision: 1418                                  |
|    \\/     M anipulation  | Web:      http://www.OpenFOAM.org               |
\*---------------------------------------------------------------------------*/
FoamFile
{
    version     2.0;
    format      ascii;
    class       vectorField;
    location    "constant/polyMesh";
    object      points;
}
// * * * * * * * * * * * * * * * * * * * * * * * * * * * * * * * * * * * * * //


830
(
(0.2995276714 0.21 0.02533396929)
(0.2995276714 0.19 0.02533396929)
(0.6 0.19 0.02533396929)
(0.5949921279 0.19 0.02533396929)
(0.5899842557 0.19 0.02533396929)
(0.5849763836 0.19 0.02533396929)
(0.5799685114 0.19 0.02533396929)
(0.5749606393 0.19 0.02533396929)
(0.5699527671 0.19 0.02533396929)
(0.564944895 0.19 0.02533396929)
(0.5599370229 0.19 0.02533396929)
(0.5549291507 0.19 0.02533396929)
(0.5499212786 0.19 0.02533396929)
(0.5449134064 0.19 0.02533396929)
(0.5399055343 0.19 0.02533396929)
(0.5348976621 0.19 0.02533396929)
(0.52988979 0.19 0.02533396929)
(0.5248819179 0.19 0.02533396929)
(0.5198740457 0.19 0.02533396929)
(0.5148661736 0.19 0.02533396929)
(0.5098583014 0.19 0.02533396929)
(0.5048504293 0.19 0.02533396929)
(0.4998425571 0.19 0.02533396929)
(0.494834685 0.19 0.02533396929)
(0.4898268129 0.19 0.02533396929)
(0.4848189407 0.19 0.02533396929)
(0.4798110686 0.19 0.02533396929)
(0.4748031964 0.19 0.02533396929)
(0.4697953243 0.19 0.02533396929)
(0.4647874521 0.19 0.02533396929)
(0.45977958 0.19 0.02533396929)
(0.4547717078 0.19 0.02533396929)
(0.4497638357 0.19 0.02533396929)
(0.4447559636 0.19 0.02533396929)
(0.4397480914 0.19 0.02533396929)
(0.4347402193 0.19 0.02533396929)
(0.4297323471 0.19 0.02533396929)
(0.424724475 0.19 0.02533396929)
(0.4197166028 0.19 0.02533396929)
(0.4147087307 0.19 0.02533396929)
(0.4097008585 0.19 0.02533396929)
(0.4046929864 0.19 0.02533396929)
(0.3996851143 0.19 0.02533396929)
(0.3946772421 0.19 0.02533396929)
(0.38966937 0.19 0.02533396929)
(0.3846614978 0.19 0.02533396929)
(0.3796536257 0.19 0.02533396929)
(0.3746457536 0.19 0.02533396929)
(0.3696378814 0.19 0.02533396929)
(0.3646300093 0.19 0.02533396929)
(0.3596221371 0.19 0.02533396929)
(0.354614265 0.19 0.02533396929)
(0.3496063928 0.19 0.02533396929)
(0.3445985207 0.19 0.02533396929)
(0.3395906485 0.19 0.02533396929)
(0.3345827764 0.19 0.02533396929)
(0.3295749043 0.19 0.02533396929)
(0.3245670321 0.19 0.02533396929)
(0.31955916 0.19 0.02533396929)
(0.3145512878 0.19 0.02533396929)
(0.3095434157 0.19 0.02533396929)
(0.3045355435 0.19 0.02533396929)
(0.6 0.2 0.02533396929)
(0.6 0.195 0.02533396929)
(0.6 0.21 0.02533396929)
(0.6 0.205 0.02533396929)
(0.3045355435 0.21 0.02533396929)
(0.3095434157 0.21 0.02533396929)
(0.3145512878 0.21 0.02533396929)
(0.31955916 0.21 0.02533396929)
(0.3245670321 0.21 0.02533396929)
(0.3295749043 0.21 0.02533396929)
(0.3345827764 0.21 0.02533396929)
(0.3395906485 0.21 0.02533396929)
(0.3445985207 0.21 0.02533396929)
(0.3496063928 0.21 0.02533396929)
(0.354614265 0.21 0.02533396929)
(0.3596221371 0.21 0.02533396929)
(0.3646300093 0.21 0.02533396929)
(0.3696378814 0.21 0.02533396929)
(0.3746457536 0.21 0.02533396929)
(0.3796536257 0.21 0.02533396929)
(0.3846614978 0.21 0.02533396929)
(0.38966937 0.21 0.02533396929)
(0.3946772421 0.21 0.02533396929)
(0.3996851143 0.21 0.02533396929)
(0.4046929864 0.21 0.02533396929)
(0.4097008585 0.21 0.02533396929)
(0.4147087307 0.21 0.02533396929)
(0.4197166028 0.21 0.02533396929)
(0.424724475 0.21 0.02533396929)
(0.4297323471 0.21 0.02533396929)
(0.4347402193 0.21 0.02533396929)
(0.4397480914 0.21 0.02533396929)
(0.4447559636 0.21 0.02533396929)
(0.4497638357 0.21 0.02533396929)
(0.4547717078 0.21 0.02533396929)
(0.45977958 0.21 0.02533396929)
(0.4647874521 0.21 0.02533396929)
(0.4697953243 0.21 0.02533396929)
(0.4748031964 0.21 0.02533396929)
(0.4798110686 0.21 0.02533396929)
(0.4848189407 0.21 0.02533396929)
(0.4898268129 0.21 0.02533396929)
(0.494834685 0.21 0.02533396929)
(0.4998425571 0.21 0.02533396929)
(0.5048504293 0.21 0.02533396929)
(0.5098583014 0.21 0.02533396929)
(0.5148661736 0.21 0.02533396929)
(0.5198740457 0.21 0.02533396929)
(0.5248819179 0.21 0.02533396929)
(0.52988979 0.21 0.02533396929)
(0.5348976621 0.21 0.02533396929)
(0.5399055343 0.21 0.02533396929)
(0.5449134064 0.21 0.02533396929)
(0.5499212786 0.21 0.02533396929)
(0.5549291507 0.21 0.02533396929)
(0.5599370229 0.21 0.02533396929)
(0.564944895 0.21 0.02533396929)
(0.5699527671 0.21 0.02533396929)
(0.5749606393 0.21 0.02533396929)
(0.5799685114 0.21 0.02533396929)
(0.5849763836 0.21 0.02533396929)
(0.5899842557 0.21 0.02533396929)
(0.5949921279 0.21 0.02533396929)
(0.2489897949 0.21 0.02533396929)
(0.249989791 0.21 0.02533396929)
(0.2510622915 0.21 0.02533396929)
(0.252212553 0.21 0.02533396929)
(0.2534462136 0.21 0.02533396929)
(0.2547693201 0.21 0.02533396929)
(0.2561883578 0.21 0.02533396929)
(0.2577102821 0.21 0.02533396929)
(0.2593425528 0.21 0.02533396929)
(0.2610931704 0.21 0.02533396929)
(0.2629707156 0.21 0.02533396929)
(0.2649843912 0.21 0.02533396929)
(0.2671440674 0.21 0.02533396929)
(0.2694603298 0.21 0.02533396929)
(0.2719445316 0.21 0.02533396929)
(0.2746088492 0.21 0.02533396929)
(0.2774663417 0.21 0.02533396929)
(0.2805310153 0.21 0.02533396929)
(0.2838178915 0.21 0.02533396929)
(0.2873430809 0.21 0.02533396929)
(0.2911238624 0.21 0.02533396929)
(0.2951787675 0.21 0.02533396929)
(0.2489897949 0.19 0.02533396929)
(0.2951787675 0.19 0.02533396929)
(0.2911238624 0.19 0.02533396929)
(0.2873430809 0.19 0.02533396929)
(0.2838178915 0.19 0.02533396929)
(0.2805310153 0.19 0.02533396929)
(0.2774663417 0.19 0.02533396929)
(0.2746088492 0.19 0.02533396929)
(0.2719445316 0.19 0.02533396929)
(0.2694603298 0.19 0.02533396929)
(0.2671440674 0.19 0.02533396929)
(0.2649843912 0.19 0.02533396929)
(0.2629707156 0.19 0.02533396929)
(0.2610931704 0.19 0.02533396929)
(0.2593425528 0.19 0.02533396929)
(0.2577102821 0.19 0.02533396929)
(0.2561883578 0.19 0.02533396929)
(0.2547693201 0.19 0.02533396929)
(0.2534462136 0.19 0.02533396929)
(0.252212553 0.19 0.02533396929)
(0.2510622915 0.19 0.02533396929)
(0.249989791 0.19 0.02533396929)
(0.2489897949 0.195 0.02533396929)
(0.2489897949 0.2 0.02533396929)
(0.2489897949 0.205 0.02533396929)
(0.249989791 0.195 0.02533396929)
(0.2510622915 0.195 0.02533396929)
(0.252212553 0.195 0.02533396929)
(0.2534462136 0.195 0.02533396929)
(0.2547693201 0.195 0.02533396929)
(0.2561883578 0.195 0.02533396929)
(0.2577102821 0.195 0.02533396929)
(0.2593425528 0.195 0.02533396929)
(0.2610931704 0.195 0.02533396929)
(0.2629707156 0.195 0.02533396929)
(0.2649843912 0.195 0.02533396929)
(0.2671440674 0.195 0.02533396929)
(0.2694603298 0.195 0.02533396929)
(0.2719445316 0.195 0.02533396929)
(0.2746088492 0.195 0.02533396929)
(0.2774663417 0.195 0.02533396929)
(0.2805310153 0.195 0.02533396929)
(0.2838178915 0.195 0.02533396929)
(0.2873430809 0.195 0.02533396929)
(0.2911238624 0.195 0.02533396929)
(0.2951787675 0.195 0.02533396929)
(0.2995276714 0.195 0.02533396929)
(0.3045355435 0.195 0.02533396929)
(0.3095434157 0.195 0.02533396929)
(0.3145512878 0.195 0.02533396929)
(0.31955916 0.195 0.02533396929)
(0.3245670321 0.195 0.02533396929)
(0.3295749043 0.195 0.02533396929)
(0.3345827764 0.195 0.02533396929)
(0.3395906485 0.195 0.02533396929)
(0.3445985207 0.195 0.02533396929)
(0.3496063928 0.195 0.02533396929)
(0.354614265 0.195 0.02533396929)
(0.3596221371 0.195 0.02533396929)
(0.3646300093 0.195 0.02533396929)
(0.3696378814 0.195 0.02533396929)
(0.3746457536 0.195 0.02533396929)
(0.3796536257 0.195 0.02533396929)
(0.3846614978 0.195 0.02533396929)
(0.38966937 0.195 0.02533396929)
(0.3946772421 0.195 0.02533396929)
(0.3996851143 0.195 0.02533396929)
(0.4046929864 0.195 0.02533396929)
(0.4097008585 0.195 0.02533396929)
(0.4147087307 0.195 0.02533396929)
(0.4197166028 0.195 0.02533396929)
(0.424724475 0.195 0.02533396929)
(0.4297323471 0.195 0.02533396929)
(0.4347402193 0.195 0.02533396929)
(0.4397480914 0.195 0.02533396929)
(0.4447559636 0.195 0.02533396929)
(0.4497638357 0.195 0.02533396929)
(0.4547717078 0.195 0.02533396929)
(0.45977958 0.195 0.02533396929)
(0.4647874521 0.195 0.02533396929)
(0.4697953243 0.195 0.02533396929)
(0.4748031964 0.195 0.02533396929)
(0.4798110686 0.195 0.02533396929)
(0.4848189407 0.195 0.02533396929)
(0.4898268129 0.195 0.02533396929)
(0.494834685 0.195 0.02533396929)
(0.4998425571 0.195 0.02533396929)
(0.5048504293 0.195 0.02533396929)
(0.5098583014 0.195 0.02533396929)
(0.5148661736 0.195 0.02533396929)
(0.5198740457 0.195 0.02533396929)
(0.5248819179 0.195 0.02533396929)
(0.52988979 0.195 0.02533396929)
(0.5348976621 0.195 0.02533396929)
(0.5399055343 0.195 0.02533396929)
(0.5449134064 0.195 0.02533396929)
(0.5499212786 0.195 0.02533396929)
(0.5549291507 0.195 0.02533396929)
(0.5599370229 0.195 0.02533396929)
(0.564944895 0.195 0.02533396929)
(0.5699527671 0.195 0.02533396929)
(0.5749606393 0.195 0.02533396929)
(0.5799685114 0.195 0.02533396929)
(0.5849763836 0.195 0.02533396929)
(0.5899842557 0.195 0.02533396929)
(0.5949921279 0.195 0.02533396929)
(0.249989791 0.2 0.02533396929)
(0.2510622915 0.2 0.02533396929)
(0.252212553 0.2 0.02533396929)
(0.2534462136 0.2 0.02533396929)
(0.2547693201 0.2 0.02533396929)
(0.2561883578 0.2 0.02533396929)
(0.2577102821 0.2 0.02533396929)
(0.2593425528 0.2 0.02533396929)
(0.2610931704 0.2 0.02533396929)
(0.2629707156 0.2 0.02533396929)
(0.2649843912 0.2 0.02533396929)
(0.2671440674 0.2 0.02533396929)
(0.2694603298 0.2 0.02533396929)
(0.2719445316 0.2 0.02533396929)
(0.2746088492 0.2 0.02533396929)
(0.2774663417 0.2 0.02533396929)
(0.2805310153 0.2 0.02533396929)
(0.2838178915 0.2 0.02533396929)
(0.2873430809 0.2 0.02533396929)
(0.2911238624 0.2 0.02533396929)
(0.2951787675 0.2 0.02533396929)
(0.2995276714 0.2 0.02533396929)
(0.3045355435 0.2 0.02533396929)
(0.3095434157 0.2 0.02533396929)
(0.3145512878 0.2 0.02533396929)
(0.31955916 0.2 0.02533396929)
(0.3245670321 0.2 0.02533396929)
(0.3295749043 0.2 0.02533396929)
(0.3345827764 0.2 0.02533396929)
(0.3395906485 0.2 0.02533396929)
(0.3445985207 0.2 0.02533396929)
(0.3496063928 0.2 0.02533396929)
(0.354614265 0.2 0.02533396929)
(0.3596221371 0.2 0.02533396929)
(0.3646300093 0.2 0.02533396929)
(0.3696378814 0.2 0.02533396929)
(0.3746457536 0.2 0.02533396929)
(0.3796536257 0.2 0.02533396929)
(0.3846614978 0.2 0.02533396929)
(0.38966937 0.2 0.02533396929)
(0.3946772421 0.2 0.02533396929)
(0.3996851143 0.2 0.02533396929)
(0.4046929864 0.2 0.02533396929)
(0.4097008585 0.2 0.02533396929)
(0.4147087307 0.2 0.02533396929)
(0.4197166028 0.2 0.02533396929)
(0.424724475 0.2 0.02533396929)
(0.4297323471 0.2 0.02533396929)
(0.4347402193 0.2 0.02533396929)
(0.4397480914 0.2 0.02533396929)
(0.4447559636 0.2 0.02533396929)
(0.4497638357 0.2 0.02533396929)
(0.4547717078 0.2 0.02533396929)
(0.45977958 0.2 0.02533396929)
(0.4647874521 0.2 0.02533396929)
(0.4697953243 0.2 0.02533396929)
(0.4748031964 0.2 0.02533396929)
(0.4798110686 0.2 0.02533396929)
(0.4848189407 0.2 0.02533396929)
(0.4898268129 0.2 0.02533396929)
(0.494834685 0.2 0.02533396929)
(0.4998425571 0.2 0.02533396929)
(0.5048504293 0.2 0.02533396929)
(0.5098583014 0.2 0.02533396929)
(0.5148661736 0.2 0.02533396929)
(0.5198740457 0.2 0.02533396929)
(0.5248819179 0.2 0.02533396929)
(0.52988979 0.2 0.02533396929)
(0.5348976621 0.2 0.02533396929)
(0.5399055343 0.2 0.02533396929)
(0.5449134064 0.2 0.02533396929)
(0.5499212786 0.2 0.02533396929)
(0.5549291507 0.2 0.02533396929)
(0.5599370229 0.2 0.02533396929)
(0.564944895 0.2 0.02533396929)
(0.5699527671 0.2 0.02533396929)
(0.5749606393 0.2 0.02533396929)
(0.5799685114 0.2 0.02533396929)
(0.5849763836 0.2 0.02533396929)
(0.5899842557 0.2 0.02533396929)
(0.5949921279 0.2 0.02533396929)
(0.249989791 0.205 0.02533396929)
(0.2510622915 0.205 0.02533396929)
(0.252212553 0.205 0.02533396929)
(0.2534462136 0.205 0.02533396929)
(0.2547693201 0.205 0.02533396929)
(0.2561883578 0.205 0.02533396929)
(0.2577102821 0.205 0.02533396929)
(0.2593425528 0.205 0.02533396929)
(0.2610931704 0.205 0.02533396929)
(0.2629707156 0.205 0.02533396929)
(0.2649843912 0.205 0.02533396929)
(0.2671440674 0.205 0.02533396929)
(0.2694603298 0.205 0.02533396929)
(0.2719445316 0.205 0.02533396929)
(0.2746088492 0.205 0.02533396929)
(0.2774663417 0.205 0.02533396929)
(0.2805310153 0.205 0.02533396929)
(0.2838178915 0.205 0.02533396929)
(0.2873430809 0.205 0.02533396929)
(0.2911238624 0.205 0.02533396929)
(0.2951787675 0.205 0.02533396929)
(0.2995276714 0.205 0.02533396929)
(0.3045355435 0.205 0.02533396929)
(0.3095434157 0.205 0.02533396929)
(0.3145512878 0.205 0.02533396929)
(0.31955916 0.205 0.02533396929)
(0.3245670321 0.205 0.02533396929)
(0.3295749043 0.205 0.02533396929)
(0.3345827764 0.205 0.02533396929)
(0.3395906485 0.205 0.02533396929)
(0.3445985207 0.205 0.02533396929)
(0.3496063928 0.205 0.02533396929)
(0.354614265 0.205 0.02533396929)
(0.3596221371 0.205 0.02533396929)
(0.3646300093 0.205 0.02533396929)
(0.3696378814 0.205 0.02533396929)
(0.3746457536 0.205 0.02533396929)
(0.3796536257 0.205 0.02533396929)
(0.3846614978 0.205 0.02533396929)
(0.38966937 0.205 0.02533396929)
(0.3946772421 0.205 0.02533396929)
(0.3996851143 0.205 0.02533396929)
(0.4046929864 0.205 0.02533396929)
(0.4097008585 0.205 0.02533396929)
(0.4147087307 0.205 0.02533396929)
(0.4197166028 0.205 0.02533396929)
(0.424724475 0.205 0.02533396929)
(0.4297323471 0.205 0.02533396929)
(0.4347402193 0.205 0.02533396929)
(0.4397480914 0.205 0.02533396929)
(0.4447559636 0.205 0.02533396929)
(0.4497638357 0.205 0.02533396929)
(0.4547717078 0.205 0.02533396929)
(0.45977958 0.205 0.02533396929)
(0.4647874521 0.205 0.02533396929)
(0.4697953243 0.205 0.02533396929)
(0.4748031964 0.205 0.02533396929)
(0.4798110686 0.205 0.02533396929)
(0.4848189407 0.205 0.02533396929)
(0.4898268129 0.205 0.02533396929)
(0.494834685 0.205 0.02533396929)
(0.4998425571 0.205 0.02533396929)
(0.5048504293 0.205 0.02533396929)
(0.5098583014 0.205 0.02533396929)
(0.5148661736 0.205 0.02533396929)
(0.5198740457 0.205 0.02533396929)
(0.5248819179 0.205 0.02533396929)
(0.52988979 0.205 0.02533396929)
(0.5348976621 0.205 0.02533396929)
(0.5399055343 0.205 0.02533396929)
(0.5449134064 0.205 0.02533396929)
(0.5499212786 0.205 0.02533396929)
(0.5549291507 0.205 0.02533396929)
(0.5599370229 0.205 0.02533396929)
(0.564944895 0.205 0.02533396929)
(0.5699527671 0.205 0.02533396929)
(0.5749606393 0.205 0.02533396929)
(0.5799685114 0.205 0.02533396929)
(0.5849763836 0.205 0.02533396929)
(0.5899842557 0.205 0.02533396929)
(0.5949921279 0.205 0.02533396929)
(0.2995276714 0.21 -0.02533396929)
(0.2995276714 0.19 -0.02533396929)
(0.6 0.19 -0.02533396929)
(0.5949921279 0.19 -0.02533396929)
(0.5899842557 0.19 -0.02533396929)
(0.5849763836 0.19 -0.02533396929)
(0.5799685114 0.19 -0.02533396929)
(0.5749606393 0.19 -0.02533396929)
(0.5699527671 0.19 -0.02533396929)
(0.564944895 0.19 -0.02533396929)
(0.5599370229 0.19 -0.02533396929)
(0.5549291507 0.19 -0.02533396929)
(0.5499212786 0.19 -0.02533396929)
(0.5449134064 0.19 -0.02533396929)
(0.5399055343 0.19 -0.02533396929)
(0.5348976621 0.19 -0.02533396929)
(0.52988979 0.19 -0.02533396929)
(0.5248819179 0.19 -0.02533396929)
(0.5198740457 0.19 -0.02533396929)
(0.5148661736 0.19 -0.02533396929)
(0.5098583014 0.19 -0.02533396929)
(0.5048504293 0.19 -0.02533396929)
(0.4998425571 0.19 -0.02533396929)
(0.494834685 0.19 -0.02533396929)
(0.4898268129 0.19 -0.02533396929)
(0.4848189407 0.19 -0.02533396929)
(0.4798110686 0.19 -0.02533396929)
(0.4748031964 0.19 -0.02533396929)
(0.4697953243 0.19 -0.02533396929)
(0.4647874521 0.19 -0.02533396929)
(0.45977958 0.19 -0.02533396929)
(0.4547717078 0.19 -0.02533396929)
(0.4497638357 0.19 -0.02533396929)
(0.4447559636 0.19 -0.02533396929)
(0.4397480914 0.19 -0.02533396929)
(0.4347402193 0.19 -0.02533396929)
(0.4297323471 0.19 -0.02533396929)
(0.424724475 0.19 -0.02533396929)
(0.4197166028 0.19 -0.02533396929)
(0.4147087307 0.19 -0.02533396929)
(0.4097008585 0.19 -0.02533396929)
(0.4046929864 0.19 -0.02533396929)
(0.3996851143 0.19 -0.02533396929)
(0.3946772421 0.19 -0.02533396929)
(0.38966937 0.19 -0.02533396929)
(0.3846614978 0.19 -0.02533396929)
(0.3796536257 0.19 -0.02533396929)
(0.3746457536 0.19 -0.02533396929)
(0.3696378814 0.19 -0.02533396929)
(0.3646300093 0.19 -0.02533396929)
(0.3596221371 0.19 -0.02533396929)
(0.354614265 0.19 -0.02533396929)
(0.3496063928 0.19 -0.02533396929)
(0.3445985207 0.19 -0.02533396929)
(0.3395906485 0.19 -0.02533396929)
(0.3345827764 0.19 -0.02533396929)
(0.3295749043 0.19 -0.02533396929)
(0.3245670321 0.19 -0.02533396929)
(0.31955916 0.19 -0.02533396929)
(0.3145512878 0.19 -0.02533396929)
(0.3095434157 0.19 -0.02533396929)
(0.3045355435 0.19 -0.02533396929)
(0.6 0.2 -0.02533396929)
(0.6 0.195 -0.02533396929)
(0.6 0.21 -0.02533396929)
(0.6 0.205 -0.02533396929)
(0.3045355435 0.21 -0.02533396929)
(0.3095434157 0.21 -0.02533396929)
(0.3145512878 0.21 -0.02533396929)
(0.31955916 0.21 -0.02533396929)
(0.3245670321 0.21 -0.02533396929)
(0.3295749043 0.21 -0.02533396929)
(0.3345827764 0.21 -0.02533396929)
(0.3395906485 0.21 -0.02533396929)
(0.3445985207 0.21 -0.02533396929)
(0.3496063928 0.21 -0.02533396929)
(0.354614265 0.21 -0.02533396929)
(0.3596221371 0.21 -0.02533396929)
(0.3646300093 0.21 -0.02533396929)
(0.3696378814 0.21 -0.02533396929)
(0.3746457536 0.21 -0.02533396929)
(0.3796536257 0.21 -0.02533396929)
(0.3846614978 0.21 -0.02533396929)
(0.38966937 0.21 -0.02533396929)
(0.3946772421 0.21 -0.02533396929)
(0.3996851143 0.21 -0.02533396929)
(0.4046929864 0.21 -0.02533396929)
(0.4097008585 0.21 -0.02533396929)
(0.4147087307 0.21 -0.02533396929)
(0.4197166028 0.21 -0.02533396929)
(0.424724475 0.21 -0.02533396929)
(0.4297323471 0.21 -0.02533396929)
(0.4347402193 0.21 -0.02533396929)
(0.4397480914 0.21 -0.02533396929)
(0.4447559636 0.21 -0.02533396929)
(0.4497638357 0.21 -0.02533396929)
(0.4547717078 0.21 -0.02533396929)
(0.45977958 0.21 -0.02533396929)
(0.4647874521 0.21 -0.02533396929)
(0.4697953243 0.21 -0.02533396929)
(0.4748031964 0.21 -0.02533396929)
(0.4798110686 0.21 -0.02533396929)
(0.4848189407 0.21 -0.02533396929)
(0.4898268129 0.21 -0.02533396929)
(0.494834685 0.21 -0.02533396929)
(0.4998425571 0.21 -0.02533396929)
(0.5048504293 0.21 -0.02533396929)
(0.5098583014 0.21 -0.02533396929)
(0.5148661736 0.21 -0.02533396929)
(0.5198740457 0.21 -0.02533396929)
(0.5248819179 0.21 -0.02533396929)
(0.52988979 0.21 -0.02533396929)
(0.5348976621 0.21 -0.02533396929)
(0.5399055343 0.21 -0.02533396929)
(0.5449134064 0.21 -0.02533396929)
(0.5499212786 0.21 -0.02533396929)
(0.5549291507 0.21 -0.02533396929)
(0.5599370229 0.21 -0.02533396929)
(0.564944895 0.21 -0.02533396929)
(0.5699527671 0.21 -0.02533396929)
(0.5749606393 0.21 -0.02533396929)
(0.5799685114 0.21 -0.02533396929)
(0.5849763836 0.21 -0.02533396929)
(0.5899842557 0.21 -0.02533396929)
(0.5949921279 0.21 -0.02533396929)
(0.2489897949 0.21 -0.02533396929)
(0.249989791 0.21 -0.02533396929)
(0.2510622915 0.21 -0.02533396929)
(0.252212553 0.21 -0.02533396929)
(0.2534462136 0.21 -0.02533396929)
(0.2547693201 0.21 -0.02533396929)
(0.2561883578 0.21 -0.02533396929)
(0.2577102821 0.21 -0.02533396929)
(0.2593425528 0.21 -0.02533396929)
(0.2610931704 0.21 -0.02533396929)
(0.2629707156 0.21 -0.02533396929)
(0.2649843912 0.21 -0.02533396929)
(0.2671440674 0.21 -0.02533396929)
(0.2694603298 0.21 -0.02533396929)
(0.2719445316 0.21 -0.02533396929)
(0.2746088492 0.21 -0.02533396929)
(0.2774663417 0.21 -0.02533396929)
(0.2805310153 0.21 -0.02533396929)
(0.2838178915 0.21 -0.02533396929)
(0.2873430809 0.21 -0.02533396929)
(0.2911238624 0.21 -0.02533396929)
(0.2951787675 0.21 -0.02533396929)
(0.2489897949 0.19 -0.02533396929)
(0.2951787675 0.19 -0.02533396929)
(0.2911238624 0.19 -0.02533396929)
(0.2873430809 0.19 -0.02533396929)
(0.2838178915 0.19 -0.02533396929)
(0.2805310153 0.19 -0.02533396929)
(0.2774663417 0.19 -0.02533396929)
(0.2746088492 0.19 -0.02533396929)
(0.2719445316 0.19 -0.02533396929)
(0.2694603298 0.19 -0.02533396929)
(0.2671440674 0.19 -0.02533396929)
(0.2649843912 0.19 -0.02533396929)
(0.2629707156 0.19 -0.02533396929)
(0.2610931704 0.19 -0.02533396929)
(0.2593425528 0.19 -0.02533396929)
(0.2577102821 0.19 -0.02533396929)
(0.2561883578 0.19 -0.02533396929)
(0.2547693201 0.19 -0.02533396929)
(0.2534462136 0.19 -0.02533396929)
(0.252212553 0.19 -0.02533396929)
(0.2510622915 0.19 -0.02533396929)
(0.249989791 0.19 -0.02533396929)
(0.2489897949 0.195 -0.02533396929)
(0.2489897949 0.2 -0.02533396929)
(0.2489897949 0.205 -0.02533396929)
(0.249989791 0.195 -0.02533396929)
(0.2510622915 0.195 -0.02533396929)
(0.252212553 0.195 -0.02533396929)
(0.2534462136 0.195 -0.02533396929)
(0.2547693201 0.195 -0.02533396929)
(0.2561883578 0.195 -0.02533396929)
(0.2577102821 0.195 -0.02533396929)
(0.2593425528 0.195 -0.02533396929)
(0.2610931704 0.195 -0.02533396929)
(0.2629707156 0.195 -0.02533396929)
(0.2649843912 0.195 -0.02533396929)
(0.2671440674 0.195 -0.02533396929)
(0.2694603298 0.195 -0.02533396929)
(0.2719445316 0.195 -0.02533396929)
(0.2746088492 0.195 -0.02533396929)
(0.2774663417 0.195 -0.02533396929)
(0.2805310153 0.195 -0.02533396929)
(0.2838178915 0.195 -0.02533396929)
(0.2873430809 0.195 -0.02533396929)
(0.2911238624 0.195 -0.02533396929)
(0.2951787675 0.195 -0.02533396929)
(0.2995276714 0.195 -0.02533396929)
(0.3045355435 0.195 -0.02533396929)
(0.3095434157 0.195 -0.02533396929)
(0.3145512878 0.195 -0.02533396929)
(0.31955916 0.195 -0.02533396929)
(0.3245670321 0.195 -0.02533396929)
(0.3295749043 0.195 -0.02533396929)
(0.3345827764 0.195 -0.02533396929)
(0.3395906485 0.195 -0.02533396929)
(0.3445985207 0.195 -0.02533396929)
(0.3496063928 0.195 -0.02533396929)
(0.354614265 0.195 -0.02533396929)
(0.3596221371 0.195 -0.02533396929)
(0.3646300093 0.195 -0.02533396929)
(0.3696378814 0.195 -0.02533396929)
(0.3746457536 0.195 -0.02533396929)
(0.3796536257 0.195 -0.02533396929)
(0.3846614978 0.195 -0.02533396929)
(0.38966937 0.195 -0.02533396929)
(0.3946772421 0.195 -0.02533396929)
(0.3996851143 0.195 -0.02533396929)
(0.4046929864 0.195 -0.02533396929)
(0.4097008585 0.195 -0.02533396929)
(0.4147087307 0.195 -0.02533396929)
(0.4197166028 0.195 -0.02533396929)
(0.424724475 0.195 -0.02533396929)
(0.4297323471 0.195 -0.02533396929)
(0.4347402193 0.195 -0.02533396929)
(0.4397480914 0.195 -0.02533396929)
(0.4447559636 0.195 -0.02533396929)
(0.4497638357 0.195 -0.02533396929)
(0.4547717078 0.195 -0.02533396929)
(0.45977958 0.195 -0.02533396929)
(0.4647874521 0.195 -0.02533396929)
(0.4697953243 0.195 -0.02533396929)
(0.4748031964 0.195 -0.02533396929)
(0.4798110686 0.195 -0.02533396929)
(0.4848189407 0.195 -0.02533396929)
(0.4898268129 0.195 -0.02533396929)
(0.494834685 0.195 -0.02533396929)
(0.4998425571 0.195 -0.02533396929)
(0.5048504293 0.195 -0.02533396929)
(0.5098583014 0.195 -0.02533396929)
(0.5148661736 0.195 -0.02533396929)
(0.5198740457 0.195 -0.02533396929)
(0.5248819179 0.195 -0.02533396929)
(0.52988979 0.195 -0.02533396929)
(0.5348976621 0.195 -0.02533396929)
(0.5399055343 0.195 -0.02533396929)
(0.5449134064 0.195 -0.02533396929)
(0.5499212786 0.195 -0.02533396929)
(0.5549291507 0.195 -0.02533396929)
(0.5599370229 0.195 -0.02533396929)
(0.564944895 0.195 -0.02533396929)
(0.5699527671 0.195 -0.02533396929)
(0.5749606393 0.195 -0.02533396929)
(0.5799685114 0.195 -0.02533396929)
(0.5849763836 0.195 -0.02533396929)
(0.5899842557 0.195 -0.02533396929)
(0.5949921279 0.195 -0.02533396929)
(0.249989791 0.2 -0.02533396929)
(0.2510622915 0.2 -0.02533396929)
(0.252212553 0.2 -0.02533396929)
(0.2534462136 0.2 -0.02533396929)
(0.2547693201 0.2 -0.02533396929)
(0.2561883578 0.2 -0.02533396929)
(0.2577102821 0.2 -0.02533396929)
(0.2593425528 0.2 -0.02533396929)
(0.2610931704 0.2 -0.02533396929)
(0.2629707156 0.2 -0.02533396929)
(0.2649843912 0.2 -0.02533396929)
(0.2671440674 0.2 -0.02533396929)
(0.2694603298 0.2 -0.02533396929)
(0.2719445316 0.2 -0.02533396929)
(0.2746088492 0.2 -0.02533396929)
(0.2774663417 0.2 -0.02533396929)
(0.2805310153 0.2 -0.02533396929)
(0.2838178915 0.2 -0.02533396929)
(0.2873430809 0.2 -0.02533396929)
(0.2911238624 0.2 -0.02533396929)
(0.2951787675 0.2 -0.02533396929)
(0.2995276714 0.2 -0.02533396929)
(0.3045355435 0.2 -0.02533396929)
(0.3095434157 0.2 -0.02533396929)
(0.3145512878 0.2 -0.02533396929)
(0.31955916 0.2 -0.02533396929)
(0.3245670321 0.2 -0.02533396929)
(0.3295749043 0.2 -0.02533396929)
(0.3345827764 0.2 -0.02533396929)
(0.3395906485 0.2 -0.02533396929)
(0.3445985207 0.2 -0.02533396929)
(0.3496063928 0.2 -0.02533396929)
(0.354614265 0.2 -0.02533396929)
(0.3596221371 0.2 -0.02533396929)
(0.3646300093 0.2 -0.02533396929)
(0.3696378814 0.2 -0.02533396929)
(0.3746457536 0.2 -0.02533396929)
(0.3796536257 0.2 -0.02533396929)
(0.3846614978 0.2 -0.02533396929)
(0.38966937 0.2 -0.02533396929)
(0.3946772421 0.2 -0.02533396929)
(0.3996851143 0.2 -0.02533396929)
(0.4046929864 0.2 -0.02533396929)
(0.4097008585 0.2 -0.02533396929)
(0.4147087307 0.2 -0.02533396929)
(0.4197166028 0.2 -0.02533396929)
(0.424724475 0.2 -0.02533396929)
(0.4297323471 0.2 -0.02533396929)
(0.4347402193 0.2 -0.02533396929)
(0.4397480914 0.2 -0.02533396929)
(0.4447559636 0.2 -0.02533396929)
(0.4497638357 0.2 -0.02533396929)
(0.4547717078 0.2 -0.02533396929)
(0.45977958 0.2 -0.02533396929)
(0.4647874521 0.2 -0.02533396929)
(0.4697953243 0.2 -0.02533396929)
(0.4748031964 0.2 -0.02533396929)
(0.4798110686 0.2 -0.02533396929)
(0.4848189407 0.2 -0.02533396929)
(0.4898268129 0.2 -0.02533396929)
(0.494834685 0.2 -0.02533396929)
(0.4998425571 0.2 -0.02533396929)
(0.5048504293 0.2 -0.02533396929)
(0.5098583014 0.2 -0.02533396929)
(0.5148661736 0.2 -0.02533396929)
(0.5198740457 0.2 -0.02533396929)
(0.5248819179 0.2 -0.02533396929)
(0.52988979 0.2 -0.02533396929)
(0.5348976621 0.2 -0.02533396929)
(0.5399055343 0.2 -0.02533396929)
(0.5449134064 0.2 -0.02533396929)
(0.5499212786 0.2 -0.02533396929)
(0.5549291507 0.2 -0.02533396929)
(0.5599370229 0.2 -0.02533396929)
(0.564944895 0.2 -0.02533396929)
(0.5699527671 0.2 -0.02533396929)
(0.5749606393 0.2 -0.02533396929)
(0.5799685114 0.2 -0.02533396929)
(0.5849763836 0.2 -0.02533396929)
(0.5899842557 0.2 -0.02533396929)
(0.5949921279 0.2 -0.02533396929)
(0.249989791 0.205 -0.02533396929)
(0.2510622915 0.205 -0.02533396929)
(0.252212553 0.205 -0.02533396929)
(0.2534462136 0.205 -0.02533396929)
(0.2547693201 0.205 -0.02533396929)
(0.2561883578 0.205 -0.02533396929)
(0.2577102821 0.205 -0.02533396929)
(0.2593425528 0.205 -0.02533396929)
(0.2610931704 0.205 -0.02533396929)
(0.2629707156 0.205 -0.02533396929)
(0.2649843912 0.205 -0.02533396929)
(0.2671440674 0.205 -0.02533396929)
(0.2694603298 0.205 -0.02533396929)
(0.2719445316 0.205 -0.02533396929)
(0.2746088492 0.205 -0.02533396929)
(0.2774663417 0.205 -0.02533396929)
(0.2805310153 0.205 -0.02533396929)
(0.2838178915 0.205 -0.02533396929)
(0.2873430809 0.205 -0.02533396929)
(0.2911238624 0.205 -0.02533396929)
(0.2951787675 0.205 -0.02533396929)
(0.2995276714 0.205 -0.02533396929)
(0.3045355435 0.205 -0.02533396929)
(0.3095434157 0.205 -0.02533396929)
(0.3145512878 0.205 -0.02533396929)
(0.31955916 0.205 -0.02533396929)
(0.3245670321 0.205 -0.02533396929)
(0.3295749043 0.205 -0.02533396929)
(0.3345827764 0.205 -0.02533396929)
(0.3395906485 0.205 -0.02533396929)
(0.3445985207 0.205 -0.02533396929)
(0.3496063928 0.205 -0.02533396929)
(0.354614265 0.205 -0.02533396929)
(0.3596221371 0.205 -0.02533396929)
(0.3646300093 0.205 -0.02533396929)
(0.3696378814 0.205 -0.02533396929)
(0.3746457536 0.205 -0.02533396929)
(0.3796536257 0.205 -0.02533396929)
(0.3846614978 0.205 -0.02533396929)
(0.38966937 0.205 -0.02533396929)
(0.3946772421 0.205 -0.02533396929)
(0.3996851143 0.205 -0.02533396929)
(0.4046929864 0.205 -0.02533396929)
(0.4097008585 0.205 -0.02533396929)
(0.4147087307 0.205 -0.02533396929)
(0.4197166028 0.205 -0.02533396929)
(0.424724475 0.205 -0.02533396929)
(0.4297323471 0.205 -0.02533396929)
(0.4347402193 0.205 -0.02533396929)
(0.4397480914 0.205 -0.02533396929)
(0.4447559636 0.205 -0.02533396929)
(0.4497638357 0.205 -0.02533396929)
(0.4547717078 0.205 -0.02533396929)
(0.45977958 0.205 -0.02533396929)
(0.4647874521 0.205 -0.02533396929)
(0.4697953243 0.205 -0.02533396929)
(0.4748031964 0.205 -0.02533396929)
(0.4798110686 0.205 -0.02533396929)
(0.4848189407 0.205 -0.02533396929)
(0.4898268129 0.205 -0.02533396929)
(0.494834685 0.205 -0.02533396929)
(0.4998425571 0.205 -0.02533396929)
(0.5048504293 0.205 -0.02533396929)
(0.5098583014 0.205 -0.02533396929)
(0.5148661736 0.205 -0.02533396929)
(0.5198740457 0.205 -0.02533396929)
(0.5248819179 0.205 -0.02533396929)
(0.52988979 0.205 -0.02533396929)
(0.5348976621 0.205 -0.02533396929)
(0.5399055343 0.205 -0.02533396929)
(0.5449134064 0.205 -0.02533396929)
(0.5499212786 0.205 -0.02533396929)
(0.5549291507 0.205 -0.02533396929)
(0.5599370229 0.205 -0.02533396929)
(0.564944895 0.205 -0.02533396929)
(0.5699527671 0.205 -0.02533396929)
(0.5749606393 0.205 -0.02533396929)
(0.5799685114 0.205 -0.02533396929)
(0.5849763836 0.205 -0.02533396929)
(0.5899842557 0.205 -0.02533396929)
(0.5949921279 0.205 -0.02533396929)
)


// ************************************************************************* //
