/*--------------------------------*- C++ -*----------------------------------*\
| =========                 |                                                 |
| \\      /  F ield         | OpenFOAM Extend Project: Open Source CFD        |
|  \\    /   O peration     | Version:  1.6-ext                               |
|   \\  /    A nd           | Web:      www.extend-project.de                 |
|    \\/     M anipulation  |                                                 |
\*---------------------------------------------------------------------------*/
FoamFile
{
    version     2.0;
    format      ascii;
    class       cellList;
    location    "constant/polyMesh";
    object      cells;
}
// * * * * * * * * * * * * * * * * * * * * * * * * * * * * * * * * * * * * * //

1600
(
6(0 1 2 5054 3 4)
6(5 6 7 5053 8 3)
6(9 10 11 5052 12 8)
6(13 14 15 5051 16 12)
6(17 18 19 5050 20 16)
6(21 22 23 1 24 5059)
6(25 5058 6 26 22 27)
6(28 5057 10 29 27 30)
6(31 5056 14 32 30 33)
6(34 5055 18 35 33 36)
6(37 38 39 23 40 5064)
6(41 5063 26 42 38 43)
6(44 5062 29 45 43 46)
6(47 5061 32 48 46 49)
6(50 5060 35 51 49 52)
6(53 54 55 39 56 5069)
6(57 5068 42 58 54 59)
6(60 5067 45 61 59 62)
6(63 5066 48 64 62 65)
6(66 5065 51 67 65 68)
6(69 70 71 55 72 5074)
6(73 5073 58 74 70 75)
6(76 5072 61 77 75 78)
6(79 5071 64 80 78 81)
6(82 5070 67 83 81 84)
6(85 86 87 88 89 90)
6(91 92 93 94 95 89)
6(96 97 98 99 100 95)
6(101 102 103 104 105 100)
6(106 107 108 109 2 105)
6(110 111 112 113 114 86)
6(115 116 117 112 118 92)
6(119 120 121 117 122 97)
6(123 124 125 121 126 102)
6(127 128 24 125 129 107)
6(130 131 132 133 134 114)
6(135 136 137 132 138 118)
6(139 140 141 137 142 122)
6(143 144 145 141 146 126)
6(147 148 40 145 149 129)
6(150 151 152 153 154 134)
6(155 156 157 152 158 138)
6(159 160 161 157 162 142)
6(163 164 165 161 166 146)
6(167 168 56 165 169 149)
6(170 171 172 173 174 154)
6(175 176 177 172 178 158)
6(179 180 181 177 182 162)
6(183 184 185 181 186 166)
6(187 188 72 185 189 169)
6(190 191 192 87 193 194)
6(195 196 197 93 198 193)
6(199 200 201 98 202 198)
6(203 204 205 103 206 202)
6(207 208 209 108 7 206)
6(210 211 212 191 213 111)
6(214 211 116 215 196 216)
6(217 214 120 218 200 219)
6(220 217 124 221 204 222)
6(223 208 128 224 25 220)
6(225 226 227 212 228 131)
6(229 226 136 230 216 231)
6(232 229 140 233 219 234)
6(235 232 144 236 222 237)
6(238 223 148 239 41 235)
6(240 241 242 227 243 151)
6(244 241 156 245 231 246)
6(247 244 160 248 234 249)
6(250 247 164 251 237 252)
6(253 238 168 254 57 250)
6(255 256 257 242 258 171)
6(259 256 176 260 246 261)
6(262 259 180 263 249 264)
6(265 262 184 266 252 267)
6(268 253 188 269 73 265)
6(270 271 272 192 273 274)
6(275 276 277 197 278 273)
6(279 280 281 201 282 278)
6(283 284 285 205 286 282)
6(287 288 289 209 11 286)
6(290 291 292 271 293 213)
6(294 291 215 295 276 296)
6(297 294 218 298 280 299)
6(300 297 221 301 284 302)
6(303 288 224 304 28 300)
6(305 306 307 292 308 228)
6(309 306 230 310 296 311)
6(312 309 233 313 299 314)
6(315 312 236 316 302 317)
6(318 303 239 319 44 315)
6(320 321 322 307 323 243)
6(324 321 245 325 311 326)
6(327 324 248 328 314 329)
6(330 327 251 331 317 332)
6(333 318 254 334 60 330)
6(335 336 337 322 338 258)
6(339 336 260 340 326 341)
6(342 339 263 343 329 344)
6(345 342 266 346 332 347)
6(348 333 269 349 76 345)
6(350 351 352 272 353 354)
6(355 356 357 277 358 353)
6(359 360 361 281 362 358)
6(363 364 365 285 366 362)
6(367 368 369 289 15 366)
6(370 371 372 351 373 293)
6(374 371 295 375 356 376)
6(377 374 298 378 360 379)
6(380 377 301 381 364 382)
6(383 368 304 384 31 380)
6(385 386 387 372 388 308)
6(389 386 310 390 376 391)
6(392 389 313 393 379 394)
6(395 392 316 396 382 397)
6(398 383 319 399 47 395)
6(400 401 402 387 403 323)
6(404 401 325 405 391 406)
6(407 404 328 408 394 409)
6(410 407 331 411 397 412)
6(413 398 334 414 63 410)
6(415 416 417 402 418 338)
6(419 416 340 420 406 421)
6(422 419 343 423 409 424)
6(425 422 346 426 412 427)
6(428 413 349 429 79 425)
6(430 431 432 352 433 434)
6(435 436 437 357 438 433)
6(439 440 441 361 442 438)
6(443 444 445 365 446 442)
6(447 448 449 369 19 446)
6(450 451 452 431 453 373)
6(454 451 375 455 436 456)
6(457 454 378 458 440 459)
6(460 457 381 461 444 462)
6(463 448 384 464 34 460)
6(465 466 467 452 468 388)
6(469 466 390 470 456 471)
6(472 469 393 473 459 474)
6(475 472 396 476 462 477)
6(478 463 399 479 50 475)
6(480 481 482 467 483 403)
6(484 481 405 485 471 486)
6(487 484 408 488 474 489)
6(490 487 411 491 477 492)
6(493 478 414 494 66 490)
6(495 496 497 482 498 418)
6(499 496 420 500 486 501)
6(502 499 423 503 489 504)
6(505 502 426 506 492 507)
6(508 493 429 509 82 505)
6(510 511 174 5079 512 513)
6(514 515 178 5078 516 512)
6(517 518 182 5077 519 516)
6(520 521 186 5076 522 519)
6(523 524 189 5075 71 522)
6(525 526 527 511 257 5084)
6(528 526 5083 261 515 529)
6(530 528 5082 264 518 531)
6(532 530 5081 267 521 533)
6(534 524 5080 268 74 532)
6(535 536 537 527 337 5089)
6(538 536 5088 341 529 539)
6(540 538 5087 344 531 541)
6(542 540 5086 347 533 543)
6(544 534 5085 348 77 542)
6(545 546 547 537 417 5094)
6(548 546 5093 421 539 549)
6(550 548 5092 424 541 551)
6(552 550 5091 427 543 553)
6(554 544 5090 428 80 552)
6(555 556 557 547 497 5099)
6(558 556 5098 501 549 559)
6(560 558 5097 504 551 561)
6(562 560 5096 507 553 563)
6(564 554 5095 508 83 562)
6(565 566 567 568 432 5029)
6(569 570 571 567 437 5034)
6(572 573 574 571 441 5039)
6(575 576 577 574 445 5044)
6(578 579 20 577 449 5049)
6(580 581 453 5028 582 566)
6(583 581 570 584 5033 455)
6(585 583 573 586 5038 458)
6(587 585 576 588 5043 461)
6(589 579 5048 464 587 36)
6(590 591 468 5027 592 582)
6(593 591 584 594 5032 470)
6(595 593 586 596 5037 473)
6(597 595 588 598 5042 476)
6(599 589 5047 479 597 52)
6(600 601 483 5026 602 592)
6(603 601 594 604 5031 485)
6(605 603 596 606 5036 488)
6(607 605 598 608 5041 491)
6(609 599 5046 494 607 68)
6(610 611 498 5025 557 602)
6(612 611 604 559 5030 500)
6(613 612 606 561 5035 503)
6(614 613 608 563 5040 506)
6(5045 509 614 84 564 609)
6(615 616 617 618 619 4879)
6(620 621 622 4878 623 616)
6(624 625 626 4877 627 623)
6(628 629 630 4876 631 627)
6(632 633 634 4875 635 631)
6(636 637 638 617 639 4884)
6(640 637 4883 641 621 642)
6(643 640 4882 644 625 645)
6(646 643 4881 647 629 648)
6(649 646 4880 650 633 651)
6(652 653 654 638 655 4889)
6(656 653 4888 657 642 658)
6(659 656 4887 660 645 661)
6(662 659 4886 663 648 664)
6(665 662 4885 666 651 667)
6(668 669 670 654 671 4894)
6(672 669 4893 673 658 674)
6(675 672 4892 676 661 677)
6(678 675 4891 679 664 680)
6(681 678 4890 682 667 683)
6(684 685 686 670 687 4899)
6(688 685 4898 689 674 690)
6(691 688 4897 692 677 693)
6(694 691 4896 695 680 696)
6(697 694 4895 698 683 699)
6(700 701 702 513 703 4929)
6(704 705 706 702 707 4934)
6(708 709 710 706 711 4939)
6(712 713 714 710 715 4944)
6(716 717 635 714 718 4949)
6(719 525 701 720 4928 721)
6(722 719 705 723 4933 724)
6(725 722 709 726 4938 727)
6(728 725 713 729 4943 730)
6(731 4948 717 732 649 728)
6(733 535 720 734 4927 735)
6(736 733 723 737 4932 738)
6(739 736 726 740 4937 741)
6(742 739 729 743 4942 744)
6(745 4947 732 746 665 742)
6(747 545 734 748 4926 749)
6(750 747 737 751 4931 752)
6(753 750 740 754 4936 755)
6(756 753 743 757 4941 758)
6(759 4946 746 760 681 756)
6(761 555 748 762 4925 763)
6(764 761 751 765 4930 766)
6(767 764 754 768 4935 769)
6(770 767 757 771 4940 772)
6(773 4945 760 774 697 770)
6(775 776 777 90 778 779)
6(780 781 782 777 783 784)
6(785 786 787 782 788 789)
6(790 791 792 787 793 794)
6(795 796 619 792 797 798)
6(799 800 801 194 802 778)
6(803 804 805 801 806 783)
6(807 808 809 805 810 788)
6(811 812 813 809 814 793)
6(815 816 639 813 817 797)
6(818 819 820 274 821 802)
6(822 823 824 820 825 806)
6(826 827 828 824 829 810)
6(830 831 832 828 833 814)
6(834 835 655 832 836 817)
6(837 838 839 354 840 821)
6(841 842 843 839 844 825)
6(845 846 847 843 848 829)
6(849 850 851 847 852 833)
6(853 854 671 851 855 836)
6(856 857 858 434 859 840)
6(860 861 862 858 863 844)
6(864 865 866 862 867 848)
6(868 869 870 866 871 852)
6(872 873 687 870 874 855)
6(875 876 877 776 878 113)
6(879 880 881 781 882 878)
6(883 884 885 786 886 882)
6(887 888 889 791 890 886)
6(891 892 893 796 622 890)
6(894 210 800 895 876 896)
6(897 894 804 898 880 899)
6(900 897 808 901 884 902)
6(903 900 812 904 888 905)
6(906 892 816 907 641 903)
6(908 290 819 909 896 910)
6(911 908 823 912 899 913)
6(914 911 827 915 902 916)
6(917 914 831 918 905 919)
6(920 906 835 921 657 917)
6(922 370 838 923 910 924)
6(925 922 842 926 913 927)
6(928 925 846 929 916 930)
6(931 928 850 932 919 933)
6(934 920 854 935 673 931)
6(936 450 857 937 924 938)
6(939 936 861 940 927 941)
6(942 939 865 943 930 944)
6(945 942 869 946 933 947)
6(948 934 873 949 689 945)
6(950 951 952 877 953 133)
6(954 955 956 881 957 953)
6(958 959 960 885 961 957)
6(962 963 964 889 965 961)
6(966 967 968 893 626 965)
6(969 225 895 970 951 971)
6(972 969 898 973 955 974)
6(975 972 901 976 959 977)
6(978 975 904 979 963 980)
6(981 967 907 982 644 978)
6(983 305 909 984 971 985)
6(986 983 912 987 974 988)
6(989 986 915 990 977 991)
6(992 989 918 993 980 994)
6(995 981 921 996 660 992)
6(997 385 923 998 985 999)
6(1000 997 926 1001 988 1002)
6(1003 1000 929 1004 991 1005)
6(1006 1003 932 1007 994 1008)
6(1009 995 935 1010 676 1006)
6(1011 465 937 1012 999 1013)
6(1014 1011 940 1015 1002 1016)
6(1017 1014 943 1018 1005 1019)
6(1020 1017 946 1021 1008 1022)
6(1023 1009 949 1024 692 1020)
6(1025 1026 1027 952 1028 153)
6(1029 1030 1031 956 1032 1028)
6(1033 1034 1035 960 1036 1032)
6(1037 1038 1039 964 1040 1036)
6(1041 1042 1043 968 630 1040)
6(1044 240 970 1045 1026 1046)
6(1047 1044 973 1048 1030 1049)
6(1050 1047 976 1051 1034 1052)
6(1053 1050 979 1054 1038 1055)
6(1056 1042 982 1057 647 1053)
6(1058 320 984 1059 1046 1060)
6(1061 1058 987 1062 1049 1063)
6(1064 1061 990 1065 1052 1066)
6(1067 1064 993 1068 1055 1069)
6(1070 1056 996 1071 663 1067)
6(1072 400 998 1073 1060 1074)
6(1075 1072 1001 1076 1063 1077)
6(1078 1075 1004 1079 1066 1080)
6(1081 1078 1007 1082 1069 1083)
6(1084 1070 1010 1085 679 1081)
6(1086 480 1012 1087 1074 1088)
6(1089 1086 1015 1090 1077 1091)
6(1092 1089 1018 1093 1080 1094)
6(1095 1092 1021 1096 1083 1097)
6(1098 1084 1024 1099 695 1095)
6(1100 1101 703 1027 1102 173)
6(1103 1104 707 1031 1105 1102)
6(1106 1107 711 1035 1108 1105)
6(1109 1110 715 1039 1111 1108)
6(1112 1113 718 1043 634 1111)
6(1114 255 1045 721 1101 1115)
6(1116 1114 1048 724 1104 1117)
6(1118 1116 1051 727 1107 1119)
6(1120 1118 1054 730 1110 1121)
6(1122 1113 1057 731 650 1120)
6(1123 335 1059 735 1115 1124)
6(1125 1123 1062 738 1117 1126)
6(1127 1125 1065 741 1119 1128)
6(1129 1127 1068 744 1121 1130)
6(1131 1122 1071 745 666 1129)
6(1132 415 1073 749 1124 1133)
6(1134 1132 1076 752 1126 1135)
6(1136 1134 1079 755 1128 1137)
6(1138 1136 1082 758 1130 1139)
6(1140 1131 1085 759 682 1138)
6(1141 495 1087 763 1133 1142)
6(1143 1141 1090 766 1135 1144)
6(1145 1143 1093 769 1137 1146)
6(1147 1145 1096 772 1139 1148)
6(1149 1140 1099 773 698 1147)
6(1150 1151 859 4904 1152 568)
6(1153 1154 863 4903 1155 1152)
6(1156 1157 867 4902 1158 1155)
6(1159 1160 871 4901 1161 1158)
6(1162 1163 874 4900 686 1161)
6(1164 580 4909 938 1151 1165)
6(1166 1164 4908 941 1154 1167)
6(1168 1166 4907 944 1157 1169)
6(1170 1168 4906 947 1160 1171)
6(1172 1163 4905 948 690 1170)
6(1173 590 4914 1013 1165 1174)
6(1175 1173 4913 1016 1167 1176)
6(1177 1175 4912 1019 1169 1178)
6(1179 1177 4911 1022 1171 1180)
6(1181 1172 4910 1023 693 1179)
6(1182 600 4919 1088 1174 1183)
6(1184 1182 4918 1091 1176 1185)
6(1186 1184 4917 1094 1178 1187)
6(1188 1186 4916 1097 1180 1189)
6(1190 1181 4915 1098 696 1188)
6(1191 610 4924 1142 1183 762)
6(1192 1191 4923 1144 1185 765)
6(1193 1192 4922 1146 1187 768)
6(1194 1193 4921 1148 1189 771)
6(4920 1149 1190 774 699 1194)
6(1195 1196 1197 4 1198 4954)
6(1199 4953 21 1200 1196 1201)
6(1202 4952 37 1203 1201 1204)
6(1205 4951 53 1206 1204 1207)
6(1208 4950 69 1209 1207 1210)
6(1211 1212 1213 1197 1214 4959)
6(1215 4958 1200 1216 1212 1217)
6(1218 4957 1203 1219 1217 1220)
6(1221 4956 1206 1222 1220 1223)
6(1224 4955 1209 1225 1223 1226)
6(1227 1228 1229 1213 1230 4964)
6(1231 4963 1216 1232 1228 1233)
6(1234 4962 1219 1235 1233 1236)
6(1237 4961 1222 1238 1236 1239)
6(1240 4960 1225 1241 1239 1242)
6(1243 1244 1245 1229 1246 4969)
6(1247 4968 1232 1248 1244 1249)
6(1250 4967 1235 1251 1249 1252)
6(1253 4966 1238 1254 1252 1255)
6(1256 4965 1241 1257 1255 1258)
6(1259 1260 1261 1245 1262 4974)
6(1263 4973 1248 1264 1260 1265)
6(1266 4972 1251 1267 1265 1268)
6(1269 4971 1254 1270 1268 1271)
6(1272 4970 1257 1273 1271 1274)
6(1275 1276 1277 1278 1279 88)
6(1280 1281 1282 1277 1283 94)
6(1284 1285 1286 1282 1287 99)
6(1288 1289 1290 1286 1291 104)
6(1292 1293 1198 1290 1294 109)
6(1295 1296 1297 1298 1299 1279)
6(1300 1301 1302 1297 1303 1283)
6(1304 1305 1306 1302 1307 1287)
6(1308 1309 1310 1306 1311 1291)
6(1312 1313 1214 1310 1314 1294)
6(1315 1316 1317 1318 1319 1299)
6(1320 1321 1322 1317 1323 1303)
6(1324 1325 1326 1322 1327 1307)
6(1328 1329 1330 1326 1331 1311)
6(1332 1333 1230 1330 1334 1314)
6(1335 1336 1337 1338 1339 1319)
6(1340 1341 1342 1337 1343 1323)
6(1344 1345 1346 1342 1347 1327)
6(1348 1349 1350 1346 1351 1331)
6(1352 1353 1246 1350 1354 1334)
6(1355 1356 1357 1358 1359 1339)
6(1360 1361 1362 1357 1363 1343)
6(1364 1365 1366 1362 1367 1347)
6(1368 1369 1370 1366 1371 1351)
6(1372 1373 1262 1370 1374 1354)
6(1375 1376 1377 110 1378 1276)
6(1379 1376 1281 1380 115 1381)
6(1382 1379 1285 1383 119 1384)
6(1385 1382 1289 1386 123 1387)
6(1388 127 1293 1389 1199 1385)
6(1390 1391 1392 1377 1393 1296)
6(1394 1391 1301 1395 1381 1396)
6(1397 1394 1305 1398 1384 1399)
6(1400 1397 1309 1401 1387 1402)
6(1403 1388 1313 1404 1215 1400)
6(1405 1406 1407 1392 1408 1316)
6(1409 1406 1321 1410 1396 1411)
6(1412 1409 1325 1413 1399 1414)
6(1415 1412 1329 1416 1402 1417)
6(1418 1403 1333 1419 1231 1415)
6(1420 1421 1422 1407 1423 1336)
6(1424 1421 1341 1425 1411 1426)
6(1427 1424 1345 1428 1414 1429)
6(1430 1427 1349 1431 1417 1432)
6(1433 1418 1353 1434 1247 1430)
6(1435 1436 1437 1422 1438 1356)
6(1439 1436 1361 1440 1426 1441)
6(1442 1439 1365 1443 1429 1444)
6(1445 1442 1369 1446 1432 1447)
6(1448 1433 1373 1449 1263 1445)
6(1450 1451 1452 130 1453 1378)
6(1454 1451 1380 1455 135 1456)
6(1457 1454 1383 1458 139 1459)
6(1460 1457 1386 1461 143 1462)
6(1463 147 1389 1464 1202 1460)
6(1465 1466 1467 1452 1468 1393)
6(1469 1466 1395 1470 1456 1471)
6(1472 1469 1398 1473 1459 1474)
6(1475 1472 1401 1476 1462 1477)
6(1478 1463 1404 1479 1218 1475)
6(1480 1481 1482 1467 1483 1408)
6(1484 1481 1410 1485 1471 1486)
6(1487 1484 1413 1488 1474 1489)
6(1490 1487 1416 1491 1477 1492)
6(1493 1478 1419 1494 1234 1490)
6(1495 1496 1497 1482 1498 1423)
6(1499 1496 1425 1500 1486 1501)
6(1502 1499 1428 1503 1489 1504)
6(1505 1502 1431 1506 1492 1507)
6(1508 1493 1434 1509 1250 1505)
6(1510 1511 1512 1497 1513 1438)
6(1514 1511 1440 1515 1501 1516)
6(1517 1514 1443 1518 1504 1519)
6(1520 1517 1446 1521 1507 1522)
6(1523 1508 1449 1524 1266 1520)
6(1525 1526 1527 150 1528 1453)
6(1529 1526 1455 1530 155 1531)
6(1532 1529 1458 1533 159 1534)
6(1535 1532 1461 1536 163 1537)
6(1538 167 1464 1539 1205 1535)
6(1540 1541 1542 1527 1543 1468)
6(1544 1541 1470 1545 1531 1546)
6(1547 1544 1473 1548 1534 1549)
6(1550 1547 1476 1551 1537 1552)
6(1553 1538 1479 1554 1221 1550)
6(1555 1556 1557 1542 1558 1483)
6(1559 1556 1485 1560 1546 1561)
6(1562 1559 1488 1563 1549 1564)
6(1565 1562 1491 1566 1552 1567)
6(1568 1553 1494 1569 1237 1565)
6(1570 1571 1572 1557 1573 1498)
6(1574 1571 1500 1575 1561 1576)
6(1577 1574 1503 1578 1564 1579)
6(1580 1577 1506 1581 1567 1582)
6(1583 1568 1509 1584 1253 1580)
6(1585 1586 1587 1572 1588 1513)
6(1589 1586 1515 1590 1576 1591)
6(1592 1589 1518 1593 1579 1594)
6(1595 1592 1521 1596 1582 1597)
6(1598 1583 1524 1599 1269 1595)
6(1600 1601 1602 170 1603 1528)
6(1604 1601 1530 1605 175 1606)
6(1607 1604 1533 1608 179 1609)
6(1610 1607 1536 1611 183 1612)
6(1613 187 1539 1614 1208 1610)
6(1615 1616 1617 1602 1618 1543)
6(1619 1616 1545 1620 1606 1621)
6(1622 1619 1548 1623 1609 1624)
6(1625 1622 1551 1626 1612 1627)
6(1628 1613 1554 1629 1224 1625)
6(1630 1631 1632 1617 1633 1558)
6(1634 1631 1560 1635 1621 1636)
6(1637 1634 1563 1638 1624 1639)
6(1640 1637 1566 1641 1627 1642)
6(1643 1628 1569 1644 1240 1640)
6(1645 1646 1647 1632 1648 1573)
6(1649 1646 1575 1650 1636 1651)
6(1652 1649 1578 1653 1639 1654)
6(1655 1652 1581 1656 1642 1657)
6(1658 1643 1584 1659 1256 1655)
6(1660 1661 1662 1647 1663 1588)
6(1664 1661 1590 1665 1651 1666)
6(1667 1664 1593 1668 1654 1669)
6(1670 1667 1596 1671 1657 1672)
6(1673 1658 1599 1674 1272 1670)
6(1675 1676 1359 4979 1677 1678)
6(1679 1680 1363 4978 1681 1677)
6(1682 1683 1367 4977 1684 1681)
6(1685 1686 1371 4976 1687 1684)
6(1688 1689 1374 4975 1261 1687)
6(1690 1691 1692 1676 1437 4984)
6(1693 1691 4983 1441 1680 1694)
6(1695 1693 4982 1444 1683 1696)
6(1697 1695 4981 1447 1686 1698)
6(1699 1689 4980 1448 1264 1697)
6(1700 1701 1702 1692 1512 4989)
6(1703 1701 4988 1516 1694 1704)
6(1705 1703 4987 1519 1696 1706)
6(1707 1705 4986 1522 1698 1708)
6(1709 1699 4985 1523 1267 1707)
6(1710 1711 1712 1702 1587 4994)
6(1713 1711 4993 1591 1704 1714)
6(1715 1713 4992 1594 1706 1716)
6(1717 1715 4991 1597 1708 1718)
6(1719 1709 4990 1598 1270 1717)
6(1720 1721 1722 1712 1662 4999)
6(1723 1721 4998 1666 1714 1724)
6(1725 1723 4997 1669 1716 1726)
6(1727 1725 4996 1672 1718 1728)
6(1729 1719 4995 1673 1273 1727)
6(1730 1731 1603 5004 1732 510)
6(1733 1731 514 1734 5009 1605)
6(1735 1733 517 1736 5014 1608)
6(1737 1735 520 1738 5019 1611)
6(1739 523 5024 1614 1737 1210)
6(1740 1741 1618 5003 1742 1732)
6(1743 1741 1734 1744 5008 1620)
6(1745 1743 1736 1746 5013 1623)
6(1747 1745 1738 1748 5018 1626)
6(1749 1739 5023 1629 1747 1226)
6(1750 1751 1633 5002 1752 1742)
6(1753 1751 1744 1754 5007 1635)
6(1755 1753 1746 1756 5012 1638)
6(1757 1755 1748 1758 5017 1641)
6(1759 1749 5022 1644 1757 1242)
6(1760 1761 1648 5001 1762 1752)
6(1763 1761 1754 1764 5006 1650)
6(1765 1763 1756 1766 5011 1653)
6(1767 1765 1758 1768 5016 1656)
6(1769 1759 5021 1659 1767 1258)
6(1770 1771 1663 5000 1722 1762)
6(1772 1771 1764 1724 5005 1665)
6(1773 1772 1766 1726 5010 1668)
6(1774 1773 1768 1728 5015 1671)
6(5020 1674 1774 1274 1729 1769)
6(1775 1776 1777 4829 1778 618)
6(1779 1780 1781 4828 1782 1778)
6(1783 1784 1785 4827 1786 1782)
6(1787 1788 1789 4826 1790 1786)
6(1791 1792 1793 4825 1794 1790)
6(1795 620 4834 1796 1776 1797)
6(1798 1795 4833 1799 1780 1800)
6(1801 1798 4832 1802 1784 1803)
6(1804 1801 4831 1805 1788 1806)
6(1807 1804 4830 1808 1792 1809)
6(1810 624 4839 1811 1797 1812)
6(1813 1810 4838 1814 1800 1815)
6(1816 1813 4837 1817 1803 1818)
6(1819 1816 4836 1820 1806 1821)
6(1822 1819 4835 1823 1809 1824)
6(1825 628 4844 1826 1812 1827)
6(1828 1825 4843 1829 1815 1830)
6(1831 1828 4842 1832 1818 1833)
6(1834 1831 4841 1835 1821 1836)
6(1837 1834 4840 1838 1824 1839)
6(1840 632 4849 1841 1827 1842)
6(1843 1840 4848 1844 1830 1845)
6(1846 1843 4847 1847 1833 1848)
6(1849 1846 4846 1850 1836 1851)
6(1852 1849 4845 1853 1839 1854)
6(1855 1856 1857 1678 1858 4804)
6(1859 1860 1861 1857 1862 4809)
6(1863 1864 1865 1861 1866 4814)
6(1867 1868 1869 1865 1870 4819)
6(1871 1872 1794 1869 1873 4824)
6(1874 1690 1856 1875 4803 1876)
6(1877 1874 1860 1878 4808 1879)
6(1880 1877 1864 1881 4813 1882)
6(1883 1880 1868 1884 4818 1885)
6(1886 4823 1872 1887 1807 1883)
6(1888 1700 1875 1889 4802 1890)
6(1891 1888 1878 1892 4807 1893)
6(1894 1891 1881 1895 4812 1896)
6(1897 1894 1884 1898 4817 1899)
6(1900 4822 1887 1901 1822 1897)
6(1902 1710 1889 1903 4801 1904)
6(1905 1902 1892 1906 4806 1907)
6(1908 1905 1895 1909 4811 1910)
6(1911 1908 1898 1912 4816 1913)
6(1914 4821 1901 1915 1837 1911)
6(1916 1720 1903 1917 4800 1918)
6(1919 1916 1906 1920 4805 1921)
6(1922 1919 1909 1923 4810 1924)
6(1925 1922 1912 1926 4815 1927)
6(1928 4820 1915 1929 1852 1925)
6(1930 1931 1932 779 1933 1278)
6(1934 1935 1936 784 1937 1933)
6(1938 1939 1940 789 1941 1937)
6(1942 1943 1944 794 1945 1941)
6(1946 1947 1948 798 1777 1945)
6(1949 1375 875 1950 1931 1951)
6(1952 1949 879 1953 1935 1954)
6(1955 1952 883 1956 1939 1957)
6(1958 1955 887 1959 1943 1960)
6(1961 1947 891 1962 1796 1958)
6(1963 1450 950 1964 1951 1965)
6(1966 1963 954 1967 1954 1968)
6(1969 1966 958 1970 1957 1971)
6(1972 1969 962 1973 1960 1974)
6(1975 1961 966 1976 1811 1972)
6(1977 1525 1025 1978 1965 1979)
6(1980 1977 1029 1981 1968 1982)
6(1983 1980 1033 1984 1971 1985)
6(1986 1983 1037 1987 1974 1988)
6(1989 1975 1041 1990 1826 1986)
6(1991 1600 1100 1992 1979 1993)
6(1994 1991 1103 1995 1982 1996)
6(1997 1994 1106 1998 1985 1999)
6(2000 1997 1109 2001 1988 2002)
6(2003 1989 1112 2004 1841 2000)
6(2005 2006 2007 1932 2008 1298)
6(2009 2010 2011 1936 2012 2008)
6(2013 2014 2015 1940 2016 2012)
6(2017 2018 2019 1944 2020 2016)
6(2021 2022 2023 1948 1781 2020)
6(2024 1390 1950 2025 2006 2026)
6(2027 2024 1953 2028 2010 2029)
6(2030 2027 1956 2031 2014 2032)
6(2033 2030 1959 2034 2018 2035)
6(2036 2022 1962 2037 1799 2033)
6(2038 1465 1964 2039 2026 2040)
6(2041 2038 1967 2042 2029 2043)
6(2044 2041 1970 2045 2032 2046)
6(2047 2044 1973 2048 2035 2049)
6(2050 2036 1976 2051 1814 2047)
6(2052 1540 1978 2053 2040 2054)
6(2055 2052 1981 2056 2043 2057)
6(2058 2055 1984 2059 2046 2060)
6(2061 2058 1987 2062 2049 2063)
6(2064 2050 1990 2065 1829 2061)
6(2066 1615 1992 2067 2054 2068)
6(2069 2066 1995 2070 2057 2071)
6(2072 2069 1998 2073 2060 2074)
6(2075 2072 2001 2076 2063 2077)
6(2078 2064 2004 2079 1844 2075)
6(2080 2081 2082 2007 2083 1318)
6(2084 2085 2086 2011 2087 2083)
6(2088 2089 2090 2015 2091 2087)
6(2092 2093 2094 2019 2095 2091)
6(2096 2097 2098 2023 1785 2095)
6(2099 1405 2025 2100 2081 2101)
6(2102 2099 2028 2103 2085 2104)
6(2105 2102 2031 2106 2089 2107)
6(2108 2105 2034 2109 2093 2110)
6(2111 2097 2037 2112 1802 2108)
6(2113 1480 2039 2114 2101 2115)
6(2116 2113 2042 2117 2104 2118)
6(2119 2116 2045 2120 2107 2121)
6(2122 2119 2048 2123 2110 2124)
6(2125 2111 2051 2126 1817 2122)
6(2127 1555 2053 2128 2115 2129)
6(2130 2127 2056 2131 2118 2132)
6(2133 2130 2059 2134 2121 2135)
6(2136 2133 2062 2137 2124 2138)
6(2139 2125 2065 2140 1832 2136)
6(2141 1630 2067 2142 2129 2143)
6(2144 2141 2070 2145 2132 2146)
6(2147 2144 2073 2148 2135 2149)
6(2150 2147 2076 2151 2138 2152)
6(2153 2139 2079 2154 1847 2150)
6(2155 2156 2157 2082 2158 1338)
6(2159 2160 2161 2086 2162 2158)
6(2163 2164 2165 2090 2166 2162)
6(2167 2168 2169 2094 2170 2166)
6(2171 2172 2173 2098 1789 2170)
6(2174 1420 2100 2175 2156 2176)
6(2177 2174 2103 2178 2160 2179)
6(2180 2177 2106 2181 2164 2182)
6(2183 2180 2109 2184 2168 2185)
6(2186 2172 2112 2187 1805 2183)
6(2188 1495 2114 2189 2176 2190)
6(2191 2188 2117 2192 2179 2193)
6(2194 2191 2120 2195 2182 2196)
6(2197 2194 2123 2198 2185 2199)
6(2200 2186 2126 2201 1820 2197)
6(2202 1570 2128 2203 2190 2204)
6(2205 2202 2131 2206 2193 2207)
6(2208 2205 2134 2209 2196 2210)
6(2211 2208 2137 2212 2199 2213)
6(2214 2200 2140 2215 1835 2211)
6(2216 1645 2142 2217 2204 2218)
6(2219 2216 2145 2220 2207 2221)
6(2222 2219 2148 2223 2210 2224)
6(2225 2222 2151 2226 2213 2227)
6(2228 2214 2154 2229 1850 2225)
6(2230 2231 1858 2157 2232 1358)
6(2233 2234 1862 2161 2235 2232)
6(2236 2237 1866 2165 2238 2235)
6(2239 2240 1870 2169 2241 2238)
6(2242 2243 1873 2173 1793 2241)
6(2244 1435 2175 1876 2231 2245)
6(2246 2244 2178 1879 2234 2247)
6(2248 2246 2181 1882 2237 2249)
6(2250 2248 2184 1885 2240 2251)
6(2252 2243 2187 1886 1808 2250)
6(2253 1510 2189 1890 2245 2254)
6(2255 2253 2192 1893 2247 2256)
6(2257 2255 2195 1896 2249 2258)
6(2259 2257 2198 1899 2251 2260)
6(2261 2252 2201 1900 1823 2259)
6(2262 1585 2203 1904 2254 2263)
6(2264 2262 2206 1907 2256 2265)
6(2266 2264 2209 1910 2258 2267)
6(2268 2266 2212 1913 2260 2269)
6(2270 2261 2215 1914 1838 2268)
6(2271 1660 2217 1918 2263 2272)
6(2273 2271 2220 1921 2265 2274)
6(2275 2273 2223 1924 2267 2276)
6(2277 2275 2226 1927 2269 2278)
6(2279 2270 2229 1928 1853 2277)
6(2280 1730 4854 1993 700 2281)
6(2282 2280 4853 1996 704 2283)
6(2284 2282 4852 1999 708 2285)
6(2286 2284 4851 2002 712 2287)
6(2288 716 4850 2003 1842 2286)
6(2289 1740 4859 2068 2281 2290)
6(2291 2289 4858 2071 2283 2292)
6(2293 2291 4857 2074 2285 2294)
6(2295 2293 4856 2077 2287 2296)
6(2297 2288 4855 2078 1845 2295)
6(2298 1750 4864 2143 2290 2299)
6(2300 2298 4863 2146 2292 2301)
6(2302 2300 4862 2149 2294 2303)
6(2304 2302 4861 2152 2296 2305)
6(2306 2297 4860 2153 1848 2304)
6(2307 1760 4869 2218 2299 2308)
6(2309 2307 4868 2221 2301 2310)
6(2311 2309 4867 2224 2303 2312)
6(2313 2311 4866 2227 2305 2314)
6(2315 2306 4865 2228 1851 2313)
6(2316 1770 4874 2272 2308 1917)
6(2317 2316 4873 2274 2310 1920)
6(2318 2317 4872 2276 2312 1923)
6(2319 2318 4871 2278 2314 1926)
6(4870 2279 2315 1929 1854 2319)
6(2320 2321 2322 4529 2323 0)
6(2324 2325 2326 4528 2327 2323)
6(2328 2329 2330 4527 2331 2327)
6(2332 2333 2334 4526 2335 2331)
6(2336 2337 2338 4525 2339 2335)
6(2340 4534 2321 2341 5 2342)
6(2343 4533 2325 2344 2342 2345)
6(2346 4532 2329 2347 2345 2348)
6(2349 4531 2333 2350 2348 2351)
6(2352 4530 2337 2353 2351 2354)
6(2355 4539 2341 2356 9 2357)
6(2358 4538 2344 2359 2357 2360)
6(2361 4537 2347 2362 2360 2363)
6(2364 4536 2350 2365 2363 2366)
6(2367 4535 2353 2368 2366 2369)
6(2370 4544 2356 2371 13 2372)
6(2373 4543 2359 2374 2372 2375)
6(2376 4542 2362 2377 2375 2378)
6(2379 4541 2365 2380 2378 2381)
6(2382 4540 2368 2383 2381 2384)
6(2385 4549 2371 2386 17 2387)
6(2388 4548 2374 2389 2387 2390)
6(2391 4547 2377 2392 2390 2393)
6(2394 4546 2380 2395 2393 2396)
6(2397 4545 2383 2398 2396 2399)
6(2400 2401 2402 85 2403 2404)
6(2405 2406 2407 91 2408 2403)
6(2409 2410 2411 96 2412 2408)
6(2413 2414 2415 101 2416 2412)
6(2417 2418 2419 106 2322 2416)
6(2420 2421 2422 2401 2423 190)
6(2424 2421 195 2425 2406 2426)
6(2427 2424 199 2428 2410 2429)
6(2430 2427 203 2431 2414 2432)
6(2433 2418 207 2434 2340 2430)
6(2435 2436 2437 2422 2438 270)
6(2439 2436 275 2440 2426 2441)
6(2442 2439 279 2443 2429 2444)
6(2445 2442 283 2446 2432 2447)
6(2448 2433 287 2449 2355 2445)
6(2450 2451 2452 2437 2453 350)
6(2454 2451 355 2455 2441 2456)
6(2457 2454 359 2458 2444 2459)
6(2460 2457 363 2461 2447 2462)
6(2463 2448 367 2464 2370 2460)
6(2465 2466 2467 2452 2468 430)
6(2469 2466 435 2470 2456 2471)
6(2472 2469 439 2473 2459 2474)
6(2475 2472 443 2476 2462 2477)
6(2478 2463 447 2479 2385 2475)
6(2480 2481 2482 2402 2483 2484)
6(2485 2486 2487 2407 2488 2483)
6(2489 2490 2491 2411 2492 2488)
6(2493 2494 2495 2415 2496 2492)
6(2497 2498 2499 2419 2326 2496)
6(2500 2501 2502 2481 2503 2423)
6(2504 2501 2425 2505 2486 2506)
6(2507 2504 2428 2508 2490 2509)
6(2510 2507 2431 2511 2494 2512)
6(2513 2498 2434 2514 2343 2510)
6(2515 2516 2517 2502 2518 2438)
6(2519 2516 2440 2520 2506 2521)
6(2522 2519 2443 2523 2509 2524)
6(2525 2522 2446 2526 2512 2527)
6(2528 2513 2449 2529 2358 2525)
6(2530 2531 2532 2517 2533 2453)
6(2534 2531 2455 2535 2521 2536)
6(2537 2534 2458 2538 2524 2539)
6(2540 2537 2461 2541 2527 2542)
6(2543 2528 2464 2544 2373 2540)
6(2545 2546 2547 2532 2548 2468)
6(2549 2546 2470 2550 2536 2551)
6(2552 2549 2473 2553 2539 2554)
6(2555 2552 2476 2556 2542 2557)
6(2558 2543 2479 2559 2388 2555)
6(2560 2561 2562 2482 2563 2564)
6(2565 2566 2567 2487 2568 2563)
6(2569 2570 2571 2491 2572 2568)
6(2573 2574 2575 2495 2576 2572)
6(2577 2578 2579 2499 2330 2576)
6(2580 2581 2582 2561 2583 2503)
6(2584 2581 2505 2585 2566 2586)
6(2587 2584 2508 2588 2570 2589)
6(2590 2587 2511 2591 2574 2592)
6(2593 2578 2514 2594 2346 2590)
6(2595 2596 2597 2582 2598 2518)
6(2599 2596 2520 2600 2586 2601)
6(2602 2599 2523 2603 2589 2604)
6(2605 2602 2526 2606 2592 2607)
6(2608 2593 2529 2609 2361 2605)
6(2610 2611 2612 2597 2613 2533)
6(2614 2611 2535 2615 2601 2616)
6(2617 2614 2538 2618 2604 2619)
6(2620 2617 2541 2621 2607 2622)
6(2623 2608 2544 2624 2376 2620)
6(2625 2626 2627 2612 2628 2548)
6(2629 2626 2550 2630 2616 2631)
6(2632 2629 2553 2633 2619 2634)
6(2635 2632 2556 2636 2622 2637)
6(2638 2623 2559 2639 2391 2635)
6(2640 2641 2642 2562 2643 2644)
6(2645 2646 2647 2567 2648 2643)
6(2649 2650 2651 2571 2652 2648)
6(2653 2654 2655 2575 2656 2652)
6(2657 2658 2659 2579 2334 2656)
6(2660 2661 2662 2641 2663 2583)
6(2664 2661 2585 2665 2646 2666)
6(2667 2664 2588 2668 2650 2669)
6(2670 2667 2591 2671 2654 2672)
6(2673 2658 2594 2674 2349 2670)
6(2675 2676 2677 2662 2678 2598)
6(2679 2676 2600 2680 2666 2681)
6(2682 2679 2603 2683 2669 2684)
6(2685 2682 2606 2686 2672 2687)
6(2688 2673 2609 2689 2364 2685)
6(2690 2691 2692 2677 2693 2613)
6(2694 2691 2615 2695 2681 2696)
6(2697 2694 2618 2698 2684 2699)
6(2700 2697 2621 2701 2687 2702)
6(2703 2688 2624 2704 2379 2700)
6(2705 2706 2707 2692 2708 2628)
6(2709 2706 2630 2710 2696 2711)
6(2712 2709 2633 2713 2699 2714)
6(2715 2712 2636 2716 2702 2717)
6(2718 2703 2639 2719 2394 2715)
6(2720 2721 2722 2642 2723 2724)
6(2725 2726 2727 2647 2728 2723)
6(2729 2730 2731 2651 2732 2728)
6(2733 2734 2735 2655 2736 2732)
6(2737 2738 2739 2659 2338 2736)
6(2740 2741 2742 2721 2743 2663)
6(2744 2741 2665 2745 2726 2746)
6(2747 2744 2668 2748 2730 2749)
6(2750 2747 2671 2751 2734 2752)
6(2753 2738 2674 2754 2352 2750)
6(2755 2756 2757 2742 2758 2678)
6(2759 2756 2680 2760 2746 2761)
6(2762 2759 2683 2763 2749 2764)
6(2765 2762 2686 2766 2752 2767)
6(2768 2753 2689 2769 2367 2765)
6(2770 2771 2772 2757 2773 2693)
6(2774 2771 2695 2775 2761 2776)
6(2777 2774 2698 2778 2764 2779)
6(2780 2777 2701 2781 2767 2782)
6(2783 2768 2704 2784 2382 2780)
6(2785 2786 2787 2772 2788 2708)
6(2789 2786 2710 2790 2776 2791)
6(2792 2789 2713 2793 2779 2794)
6(2795 2792 2716 2796 2782 2797)
6(2798 2783 2719 2799 2397 2795)
6(2800 2801 2802 565 2467 4554)
6(2803 2801 4553 2471 569 2804)
6(2805 2803 4552 2474 572 2806)
6(2807 2805 4551 2477 575 2808)
6(2809 578 4550 2478 2386 2807)
6(2810 2811 2812 2802 2547 4559)
6(2813 2811 4558 2551 2804 2814)
6(2815 2813 4557 2554 2806 2816)
6(2817 2815 4556 2557 2808 2818)
6(2819 2809 4555 2558 2389 2817)
6(2820 2821 2822 2812 2627 4564)
6(2823 2821 4563 2631 2814 2824)
6(2825 2823 4562 2634 2816 2826)
6(2827 2825 4561 2637 2818 2828)
6(2829 2819 4560 2638 2392 2827)
6(2830 2831 2832 2822 2707 4569)
6(2833 2831 4568 2711 2824 2834)
6(2835 2833 4567 2714 2826 2836)
6(2837 2835 4566 2717 2828 2838)
6(2839 2829 4565 2718 2395 2837)
6(2840 2841 2842 2832 2787 4574)
6(2843 2841 4573 2791 2834 2844)
6(2845 2843 4572 2794 2836 2846)
6(2847 2845 4571 2797 2838 2848)
6(2849 2839 4570 2798 2398 2847)
6(2850 2851 2852 2853 2722 4504)
6(2854 2855 2856 2852 2727 4509)
6(2857 2858 2859 2856 2731 4514)
6(2860 2861 2862 2859 2735 4519)
6(2863 2864 2339 2862 2739 4524)
6(2865 2866 2743 4503 2867 2851)
6(2868 2866 2855 2869 4508 2745)
6(2870 2868 2858 2871 4513 2748)
6(2872 2870 2861 2873 4518 2751)
6(2874 2864 4523 2754 2872 2354)
6(2875 2876 2758 4502 2877 2867)
6(2878 2876 2869 2879 4507 2760)
6(2880 2878 2871 2881 4512 2763)
6(2882 2880 2873 2883 4517 2766)
6(2884 2874 4522 2769 2882 2369)
6(2885 2886 2773 4501 2887 2877)
6(2888 2886 2879 2889 4506 2775)
6(2890 2888 2881 2891 4511 2778)
6(2892 2890 2883 2893 4516 2781)
6(2894 2884 4521 2784 2892 2384)
6(2895 2896 2788 4500 2842 2887)
6(2897 2896 2889 2844 4505 2790)
6(2898 2897 2891 2846 4510 2793)
6(2899 2898 2893 2848 4515 2796)
6(4520 2799 2899 2399 2849 2894)
6(2900 2901 2902 615 2903 4729)
6(2904 2901 4728 2905 636 2906)
6(2907 2904 4727 2908 652 2909)
6(2910 2907 4726 2911 668 2912)
6(2913 2910 4725 2914 684 2915)
6(2916 2917 2918 2902 2919 4734)
6(2920 2917 4733 2921 2906 2922)
6(2923 2920 4732 2924 2909 2925)
6(2926 2923 4731 2927 2912 2928)
6(2929 2926 4730 2930 2915 2931)
6(2932 2933 2934 2918 2935 4739)
6(2936 2933 4738 2937 2922 2938)
6(2939 2936 4737 2940 2925 2941)
6(2942 2939 4736 2943 2928 2944)
6(2945 2942 4735 2946 2931 2947)
6(2948 2949 2950 2934 2951 4744)
6(2952 2949 4743 2953 2938 2954)
6(2955 2952 4742 2956 2941 2957)
6(2958 2955 4741 2959 2944 2960)
6(2961 2958 4740 2962 2947 2963)
6(2964 2965 2966 2950 2967 4749)
6(2968 2965 4748 2969 2954 2970)
6(2971 2968 4747 2972 2957 2973)
6(2974 2971 4746 2975 2960 2976)
6(2977 2974 4745 2978 2963 2979)
6(2980 2800 1150 2981 4779 2982)
6(2983 2980 1153 2984 4784 2985)
6(2986 2983 1156 2987 4789 2988)
6(2989 2986 1159 2990 4794 2991)
6(2992 4799 1162 2993 2913 2989)
6(2994 2810 2981 2995 4778 2996)
6(2997 2994 2984 2998 4783 2999)
6(3000 2997 2987 3001 4788 3002)
6(3003 3000 2990 3004 4793 3005)
6(3006 4798 2993 3007 2929 3003)
6(3008 2820 2995 3009 4777 3010)
6(3011 3008 2998 3012 4782 3013)
6(3014 3011 3001 3015 4787 3016)
6(3017 3014 3004 3018 4792 3019)
6(3020 4797 3007 3021 2945 3017)
6(3022 2830 3009 3023 4776 3024)
6(3025 3022 3012 3026 4781 3027)
6(3028 3025 3015 3029 4786 3030)
6(3031 3028 3018 3032 4791 3033)
6(3034 4796 3021 3035 2961 3031)
6(3036 2840 3023 3037 4775 3038)
6(3039 3036 3026 3040 4780 3041)
6(3042 3039 3029 3043 4785 3044)
6(3045 3042 3032 3046 4790 3047)
6(3048 4795 3035 3049 2977 3045)
6(3050 3051 3052 2404 3053 775)
6(3054 3055 3056 3052 3057 780)
6(3058 3059 3060 3056 3061 785)
6(3062 3063 3064 3060 3065 790)
6(3066 3067 2903 3064 3068 795)
6(3069 3070 3071 2484 3072 3053)
6(3073 3074 3075 3071 3076 3057)
6(3077 3078 3079 3075 3080 3061)
6(3081 3082 3083 3079 3084 3065)
6(3085 3086 2919 3083 3087 3068)
6(3088 3089 3090 2564 3091 3072)
6(3092 3093 3094 3090 3095 3076)
6(3096 3097 3098 3094 3099 3080)
6(3100 3101 3102 3098 3103 3084)
6(3104 3105 2935 3102 3106 3087)
6(3107 3108 3109 2644 3110 3091)
6(3111 3112 3113 3109 3114 3095)
6(3115 3116 3117 3113 3118 3099)
6(3119 3120 3121 3117 3122 3103)
6(3123 3124 2951 3121 3125 3106)
6(3126 3127 3128 2724 3129 3110)
6(3130 3131 3132 3128 3133 3114)
6(3134 3135 3136 3132 3137 3118)
6(3138 3139 3140 3136 3141 3122)
6(3142 3143 2967 3140 3144 3125)
6(3145 2420 3051 3146 799 3147)
6(3148 3145 3055 3149 803 3150)
6(3151 3148 3059 3152 807 3153)
6(3154 3151 3063 3155 811 3156)
6(3157 815 3067 3158 2905 3154)
6(3159 2500 3070 3160 3147 3161)
6(3162 3159 3074 3163 3150 3164)
6(3165 3162 3078 3166 3153 3167)
6(3168 3165 3082 3169 3156 3170)
6(3171 3157 3086 3172 2921 3168)
6(3173 2580 3089 3174 3161 3175)
6(3176 3173 3093 3177 3164 3178)
6(3179 3176 3097 3180 3167 3181)
6(3182 3179 3101 3183 3170 3184)
6(3185 3171 3105 3186 2937 3182)
6(3187 2660 3108 3188 3175 3189)
6(3190 3187 3112 3191 3178 3192)
6(3193 3190 3116 3194 3181 3195)
6(3196 3193 3120 3197 3184 3198)
6(3199 3185 3124 3200 2953 3196)
6(3201 2740 3127 3202 3189 3203)
6(3204 3201 3131 3205 3192 3206)
6(3207 3204 3135 3208 3195 3209)
6(3210 3207 3139 3211 3198 3212)
6(3213 3199 3143 3214 2969 3210)
6(3215 2435 3146 3216 818 3217)
6(3218 3215 3149 3219 822 3220)
6(3221 3218 3152 3222 826 3223)
6(3224 3221 3155 3225 830 3226)
6(3227 834 3158 3228 2908 3224)
6(3229 2515 3160 3230 3217 3231)
6(3232 3229 3163 3233 3220 3234)
6(3235 3232 3166 3236 3223 3237)
6(3238 3235 3169 3239 3226 3240)
6(3241 3227 3172 3242 2924 3238)
6(3243 2595 3174 3244 3231 3245)
6(3246 3243 3177 3247 3234 3248)
6(3249 3246 3180 3250 3237 3251)
6(3252 3249 3183 3253 3240 3254)
6(3255 3241 3186 3256 2940 3252)
6(3257 2675 3188 3258 3245 3259)
6(3260 3257 3191 3261 3248 3262)
6(3263 3260 3194 3264 3251 3265)
6(3266 3263 3197 3267 3254 3268)
6(3269 3255 3200 3270 2956 3266)
6(3271 2755 3202 3272 3259 3273)
6(3274 3271 3205 3275 3262 3276)
6(3277 3274 3208 3278 3265 3279)
6(3280 3277 3211 3281 3268 3282)
6(3283 3269 3214 3284 2972 3280)
6(3285 2450 3216 3286 837 3287)
6(3288 3285 3219 3289 841 3290)
6(3291 3288 3222 3292 845 3293)
6(3294 3291 3225 3295 849 3296)
6(3297 853 3228 3298 2911 3294)
6(3299 2530 3230 3300 3287 3301)
6(3302 3299 3233 3303 3290 3304)
6(3305 3302 3236 3306 3293 3307)
6(3308 3305 3239 3309 3296 3310)
6(3311 3297 3242 3312 2927 3308)
6(3313 2610 3244 3314 3301 3315)
6(3316 3313 3247 3317 3304 3318)
6(3319 3316 3250 3320 3307 3321)
6(3322 3319 3253 3323 3310 3324)
6(3325 3311 3256 3326 2943 3322)
6(3327 2690 3258 3328 3315 3329)
6(3330 3327 3261 3331 3318 3332)
6(3333 3330 3264 3334 3321 3335)
6(3336 3333 3267 3337 3324 3338)
6(3339 3325 3270 3340 2959 3336)
6(3341 2770 3272 3342 3329 3343)
6(3344 3341 3275 3345 3332 3346)
6(3347 3344 3278 3348 3335 3349)
6(3350 3347 3281 3351 3338 3352)
6(3353 3339 3284 3354 2975 3350)
6(3355 2465 3286 2982 856 3356)
6(3357 3355 3289 2985 860 3358)
6(3359 3357 3292 2988 864 3360)
6(3361 3359 3295 2991 868 3362)
6(3363 872 3298 2992 2914 3361)
6(3364 2545 3300 2996 3356 3365)
6(3366 3364 3303 2999 3358 3367)
6(3368 3366 3306 3002 3360 3369)
6(3370 3368 3309 3005 3362 3371)
6(3372 3363 3312 3006 2930 3370)
6(3373 2625 3314 3010 3365 3374)
6(3375 3373 3317 3013 3367 3376)
6(3377 3375 3320 3016 3369 3378)
6(3379 3377 3323 3019 3371 3380)
6(3381 3372 3326 3020 2946 3379)
6(3382 2705 3328 3024 3374 3383)
6(3384 3382 3331 3027 3376 3385)
6(3386 3384 3334 3030 3378 3387)
6(3388 3386 3337 3033 3380 3389)
6(3390 3381 3340 3034 2962 3388)
6(3391 2785 3342 3038 3383 3392)
6(3393 3391 3345 3041 3385 3394)
6(3395 3393 3348 3044 3387 3396)
6(3397 3395 3351 3047 3389 3398)
6(3399 3390 3354 3048 2978 3397)
6(3400 3401 3129 4754 3402 2853)
6(3403 3404 3133 4753 3405 3402)
6(3406 3407 3137 4752 3408 3405)
6(3409 3410 3141 4751 3411 3408)
6(3412 3413 3144 4750 2966 3411)
6(3414 2865 4759 3203 3401 3415)
6(3416 3414 4758 3206 3404 3417)
6(3418 3416 4757 3209 3407 3419)
6(3420 3418 4756 3212 3410 3421)
6(3422 3413 4755 3213 2970 3420)
6(3423 2875 4764 3273 3415 3424)
6(3425 3423 4763 3276 3417 3426)
6(3427 3425 4762 3279 3419 3428)
6(3429 3427 4761 3282 3421 3430)
6(3431 3422 4760 3283 2973 3429)
6(3432 2885 4769 3343 3424 3433)
6(3434 3432 4768 3346 3426 3435)
6(3436 3434 4767 3349 3428 3437)
6(3438 3436 4766 3352 3430 3439)
6(3440 3431 4765 3353 2976 3438)
6(3441 2895 4774 3392 3433 3037)
6(3442 3441 4773 3394 3435 3040)
6(3443 3442 4772 3396 3437 3043)
6(3444 3443 4771 3398 3439 3046)
6(4770 3399 3440 3049 2979 3444)
6(3445 4629 1195 3446 2320 3447)
6(3448 4628 1211 3449 3447 3450)
6(3451 4627 1227 3452 3450 3453)
6(3454 4626 1243 3455 3453 3456)
6(3457 4625 1259 3458 3456 3459)
6(3460 4634 3446 3461 2324 3462)
6(3463 4633 3449 3464 3462 3465)
6(3466 4632 3452 3467 3465 3468)
6(3469 4631 3455 3470 3468 3471)
6(3472 4630 3458 3473 3471 3474)
6(3475 4639 3461 3476 2328 3477)
6(3478 4638 3464 3479 3477 3480)
6(3481 4637 3467 3482 3480 3483)
6(3484 4636 3470 3485 3483 3486)
6(3487 4635 3473 3488 3486 3489)
6(3490 4644 3476 3491 2332 3492)
6(3493 4643 3479 3494 3492 3495)
6(3496 4642 3482 3497 3495 3498)
6(3499 4641 3485 3500 3498 3501)
6(3502 4640 3488 3503 3501 3504)
6(3505 4649 3491 3506 2336 3507)
6(3508 4648 3494 3509 3507 3510)
6(3511 4647 3497 3512 3510 3513)
6(3514 4646 3500 3515 3513 3516)
6(3517 4645 3503 3518 3516 3519)
6(3520 3521 3522 1275 3523 2400)
6(3524 3521 2405 3525 1280 3526)
6(3527 3524 2409 3528 1284 3529)
6(3530 3527 2413 3531 1288 3532)
6(3533 1292 2417 3534 3445 3530)
6(3535 3536 3537 3522 3538 2480)
6(3539 3536 2485 3540 3526 3541)
6(3542 3539 2489 3543 3529 3544)
6(3545 3542 2493 3546 3532 3547)
6(3548 3533 2497 3549 3460 3545)
6(3550 3551 3552 3537 3553 2560)
6(3554 3551 2565 3555 3541 3556)
6(3557 3554 2569 3558 3544 3559)
6(3560 3557 2573 3561 3547 3562)
6(3563 3548 2577 3564 3475 3560)
6(3565 3566 3567 3552 3568 2640)
6(3569 3566 2645 3570 3556 3571)
6(3572 3569 2649 3573 3559 3574)
6(3575 3572 2653 3576 3562 3577)
6(3578 3563 2657 3579 3490 3575)
6(3580 3581 3582 3567 3583 2720)
6(3584 3581 2725 3585 3571 3586)
6(3587 3584 2729 3588 3574 3589)
6(3590 3587 2733 3591 3577 3592)
6(3593 3578 2737 3594 3505 3590)
6(3595 3596 3597 1295 3598 3523)
6(3599 3596 3525 3600 1300 3601)
6(3602 3599 3528 3603 1304 3604)
6(3605 3602 3531 3606 1308 3607)
6(3608 1312 3534 3609 3448 3605)
6(3610 3611 3612 3597 3613 3538)
6(3614 3611 3540 3615 3601 3616)
6(3617 3614 3543 3618 3604 3619)
6(3620 3617 3546 3621 3607 3622)
6(3623 3608 3549 3624 3463 3620)
6(3625 3626 3627 3612 3628 3553)
6(3629 3626 3555 3630 3616 3631)
6(3632 3629 3558 3633 3619 3634)
6(3635 3632 3561 3636 3622 3637)
6(3638 3623 3564 3639 3478 3635)
6(3640 3641 3642 3627 3643 3568)
6(3644 3641 3570 3645 3631 3646)
6(3647 3644 3573 3648 3634 3649)
6(3650 3647 3576 3651 3637 3652)
6(3653 3638 3579 3654 3493 3650)
6(3655 3656 3657 3642 3658 3583)
6(3659 3656 3585 3660 3646 3661)
6(3662 3659 3588 3663 3649 3664)
6(3665 3662 3591 3666 3652 3667)
6(3668 3653 3594 3669 3508 3665)
6(3670 3671 3672 1315 3673 3598)
6(3674 3671 3600 3675 1320 3676)
6(3677 3674 3603 3678 1324 3679)
6(3680 3677 3606 3681 1328 3682)
6(3683 1332 3609 3684 3451 3680)
6(3685 3686 3687 3672 3688 3613)
6(3689 3686 3615 3690 3676 3691)
6(3692 3689 3618 3693 3679 3694)
6(3695 3692 3621 3696 3682 3697)
6(3698 3683 3624 3699 3466 3695)
6(3700 3701 3702 3687 3703 3628)
6(3704 3701 3630 3705 3691 3706)
6(3707 3704 3633 3708 3694 3709)
6(3710 3707 3636 3711 3697 3712)
6(3713 3698 3639 3714 3481 3710)
6(3715 3716 3717 3702 3718 3643)
6(3719 3716 3645 3720 3706 3721)
6(3722 3719 3648 3723 3709 3724)
6(3725 3722 3651 3726 3712 3727)
6(3728 3713 3654 3729 3496 3725)
6(3730 3731 3732 3717 3733 3658)
6(3734 3731 3660 3735 3721 3736)
6(3737 3734 3663 3738 3724 3739)
6(3740 3737 3666 3741 3727 3742)
6(3743 3728 3669 3744 3511 3740)
6(3745 3746 3747 1335 3748 3673)
6(3749 3746 3675 3750 1340 3751)
6(3752 3749 3678 3753 1344 3754)
6(3755 3752 3681 3756 1348 3757)
6(3758 1352 3684 3759 3454 3755)
6(3760 3761 3762 3747 3763 3688)
6(3764 3761 3690 3765 3751 3766)
6(3767 3764 3693 3768 3754 3769)
6(3770 3767 3696 3771 3757 3772)
6(3773 3758 3699 3774 3469 3770)
6(3775 3776 3777 3762 3778 3703)
6(3779 3776 3705 3780 3766 3781)
6(3782 3779 3708 3783 3769 3784)
6(3785 3782 3711 3786 3772 3787)
6(3788 3773 3714 3789 3484 3785)
6(3790 3791 3792 3777 3793 3718)
6(3794 3791 3720 3795 3781 3796)
6(3797 3794 3723 3798 3784 3799)
6(3800 3797 3726 3801 3787 3802)
6(3803 3788 3729 3804 3499 3800)
6(3805 3806 3807 3792 3808 3733)
6(3809 3806 3735 3810 3796 3811)
6(3812 3809 3738 3813 3799 3814)
6(3815 3812 3741 3816 3802 3817)
6(3818 3803 3744 3819 3514 3815)
6(3820 3821 3822 1355 3823 3748)
6(3824 3821 3750 3825 1360 3826)
6(3827 3824 3753 3828 1364 3829)
6(3830 3827 3756 3831 1368 3832)
6(3833 1372 3759 3834 3457 3830)
6(3835 3836 3837 3822 3838 3763)
6(3839 3836 3765 3840 3826 3841)
6(3842 3839 3768 3843 3829 3844)
6(3845 3842 3771 3846 3832 3847)
6(3848 3833 3774 3849 3472 3845)
6(3850 3851 3852 3837 3853 3778)
6(3854 3851 3780 3855 3841 3856)
6(3857 3854 3783 3858 3844 3859)
6(3860 3857 3786 3861 3847 3862)
6(3863 3848 3789 3864 3487 3860)
6(3865 3866 3867 3852 3868 3793)
6(3869 3866 3795 3870 3856 3871)
6(3872 3869 3798 3873 3859 3874)
6(3875 3872 3801 3876 3862 3877)
6(3878 3863 3804 3879 3502 3875)
6(3880 3881 3882 3867 3883 3808)
6(3884 3881 3810 3885 3871 3886)
6(3887 3884 3813 3888 3874 3889)
6(3890 3887 3816 3891 3877 3892)
6(3893 3878 3819 3894 3517 3890)
6(3895 3896 3897 2850 3582 4579)
6(3898 3896 4578 3586 2854 3899)
6(3900 3898 4577 3589 2857 3901)
6(3902 3900 4576 3592 2860 3903)
6(3904 2863 4575 3593 3506 3902)
6(3905 3906 3907 3897 3657 4584)
6(3908 3906 4583 3661 3899 3909)
6(3910 3908 4582 3664 3901 3911)
6(3912 3910 4581 3667 3903 3913)
6(3914 3904 4580 3668 3509 3912)
6(3915 3916 3917 3907 3732 4589)
6(3918 3916 4588 3736 3909 3919)
6(3920 3918 4587 3739 3911 3921)
6(3922 3920 4586 3742 3913 3923)
6(3924 3914 4585 3743 3512 3922)
6(3925 3926 3927 3917 3807 4594)
6(3928 3926 4593 3811 3919 3929)
6(3930 3928 4592 3814 3921 3931)
6(3932 3930 4591 3817 3923 3933)
6(3934 3924 4590 3818 3515 3932)
6(3935 3936 3937 3927 3882 4599)
6(3938 3936 4598 3886 3929 3939)
6(3940 3938 4597 3889 3931 3941)
6(3942 3940 4596 3892 3933 3943)
6(3944 3934 4595 3893 3518 3942)
6(3945 3946 3823 4604 3947 1675)
6(3948 3946 1679 3949 4609 3825)
6(3950 3948 1682 3951 4614 3828)
6(3952 3950 1685 3953 4619 3831)
6(3954 1688 4624 3834 3952 3459)
6(3955 3956 3838 4603 3957 3947)
6(3958 3956 3949 3959 4608 3840)
6(3960 3958 3951 3961 4613 3843)
6(3962 3960 3953 3963 4618 3846)
6(3964 3954 4623 3849 3962 3474)
6(3965 3966 3853 4602 3967 3957)
6(3968 3966 3959 3969 4607 3855)
6(3970 3968 3961 3971 4612 3858)
6(3972 3970 3963 3973 4617 3861)
6(3974 3964 4622 3864 3972 3489)
6(3975 3976 3868 4601 3977 3967)
6(3978 3976 3969 3979 4606 3870)
6(3980 3978 3971 3981 4611 3873)
6(3982 3980 3973 3983 4616 3876)
6(3984 3974 4621 3879 3982 3504)
6(3985 3986 3883 4600 3937 3977)
6(3987 3986 3979 3939 4605 3885)
6(3988 3987 3981 3941 4610 3888)
6(3989 3988 3983 3943 4615 3891)
6(4620 3894 3989 3519 3944 3984)
6(3990 1775 4704 3991 2900 3992)
6(3993 3990 4703 3994 2916 3995)
6(3996 3993 4702 3997 2932 3998)
6(3999 3996 4701 4000 2948 4001)
6(4002 3999 4700 4003 2964 4004)
6(4005 1779 4709 4006 3992 4007)
6(4008 4005 4708 4009 3995 4010)
6(4011 4008 4707 4012 3998 4013)
6(4014 4011 4706 4015 4001 4016)
6(4017 4014 4705 4018 4004 4019)
6(4020 1783 4714 4021 4007 4022)
6(4023 4020 4713 4024 4010 4025)
6(4026 4023 4712 4027 4013 4028)
6(4029 4026 4711 4030 4016 4031)
6(4032 4029 4710 4033 4019 4034)
6(4035 1787 4719 4036 4022 4037)
6(4038 4035 4718 4039 4025 4040)
6(4041 4038 4717 4042 4028 4043)
6(4044 4041 4716 4045 4031 4046)
6(4047 4044 4715 4048 4034 4049)
6(4050 1791 4724 4051 4037 4052)
6(4053 4050 4723 4054 4040 4055)
6(4056 4053 4722 4057 4043 4058)
6(4059 4056 4721 4060 4046 4061)
6(4062 4059 4720 4063 4049 4064)
6(4065 3895 3400 4066 4679 4067)
6(4068 4065 3403 4069 4684 4070)
6(4071 4068 3406 4072 4689 4073)
6(4074 4071 3409 4075 4694 4076)
6(4077 4699 3412 4078 4002 4074)
6(4079 3905 4066 4080 4678 4081)
6(4082 4079 4069 4083 4683 4084)
6(4085 4082 4072 4086 4688 4087)
6(4088 4085 4075 4089 4693 4090)
6(4091 4698 4078 4092 4017 4088)
6(4093 3915 4080 4094 4677 4095)
6(4096 4093 4083 4097 4682 4098)
6(4099 4096 4086 4100 4687 4101)
6(4102 4099 4089 4103 4692 4104)
6(4105 4697 4092 4106 4032 4102)
6(4107 3925 4094 4108 4676 4109)
6(4110 4107 4097 4111 4681 4112)
6(4113 4110 4100 4114 4686 4115)
6(4116 4113 4103 4117 4691 4118)
6(4119 4696 4106 4120 4047 4116)
6(4121 3935 4108 4122 4675 4123)
6(4124 4121 4111 4125 4680 4126)
6(4127 4124 4114 4128 4685 4129)
6(4130 4127 4117 4131 4690 4132)
6(4133 4695 4120 4134 4062 4130)
6(4135 3520 1930 4136 3050 4137)
6(4138 4135 1934 4139 3054 4140)
6(4141 4138 1938 4142 3058 4143)
6(4144 4141 1942 4145 3062 4146)
6(4147 3066 1946 4148 3991 4144)
6(4149 3595 2005 4150 4137 4151)
6(4152 4149 2009 4153 4140 4154)
6(4155 4152 2013 4156 4143 4157)
6(4158 4155 2017 4159 4146 4160)
6(4161 4147 2021 4162 4006 4158)
6(4163 3670 2080 4164 4151 4165)
6(4166 4163 2084 4167 4154 4168)
6(4169 4166 2088 4170 4157 4171)
6(4172 4169 2092 4173 4160 4174)
6(4175 4161 2096 4176 4021 4172)
6(4177 3745 2155 4178 4165 4179)
6(4180 4177 2159 4181 4168 4182)
6(4183 4180 2163 4184 4171 4185)
6(4186 4183 2167 4187 4174 4188)
6(4189 4175 2171 4190 4036 4186)
6(4191 3820 2230 4192 4179 4193)
6(4194 4191 2233 4195 4182 4196)
6(4197 4194 2236 4198 4185 4199)
6(4200 4197 2239 4201 4188 4202)
6(4203 4189 2242 4204 4051 4200)
6(4205 3535 4136 4206 3069 4207)
6(4208 4205 4139 4209 3073 4210)
6(4211 4208 4142 4212 3077 4213)
6(4214 4211 4145 4215 3081 4216)
6(4217 3085 4148 4218 3994 4214)
6(4219 3610 4150 4220 4207 4221)
6(4222 4219 4153 4223 4210 4224)
6(4225 4222 4156 4226 4213 4227)
6(4228 4225 4159 4229 4216 4230)
6(4231 4217 4162 4232 4009 4228)
6(4233 3685 4164 4234 4221 4235)
6(4236 4233 4167 4237 4224 4238)
6(4239 4236 4170 4240 4227 4241)
6(4242 4239 4173 4243 4230 4244)
6(4245 4231 4176 4246 4024 4242)
6(4247 3760 4178 4248 4235 4249)
6(4250 4247 4181 4251 4238 4252)
6(4253 4250 4184 4254 4241 4255)
6(4256 4253 4187 4257 4244 4258)
6(4259 4245 4190 4260 4039 4256)
6(4261 3835 4192 4262 4249 4263)
6(4264 4261 4195 4265 4252 4266)
6(4267 4264 4198 4268 4255 4269)
6(4270 4267 4201 4271 4258 4272)
6(4273 4259 4204 4274 4054 4270)
6(4275 3550 4206 4276 3088 4277)
6(4278 4275 4209 4279 3092 4280)
6(4281 4278 4212 4282 3096 4283)
6(4284 4281 4215 4285 3100 4286)
6(4287 3104 4218 4288 3997 4284)
6(4289 3625 4220 4290 4277 4291)
6(4292 4289 4223 4293 4280 4294)
6(4295 4292 4226 4296 4283 4297)
6(4298 4295 4229 4299 4286 4300)
6(4301 4287 4232 4302 4012 4298)
6(4303 3700 4234 4304 4291 4305)
6(4306 4303 4237 4307 4294 4308)
6(4309 4306 4240 4310 4297 4311)
6(4312 4309 4243 4313 4300 4314)
6(4315 4301 4246 4316 4027 4312)
6(4317 3775 4248 4318 4305 4319)
6(4320 4317 4251 4321 4308 4322)
6(4323 4320 4254 4324 4311 4325)
6(4326 4323 4257 4327 4314 4328)
6(4329 4315 4260 4330 4042 4326)
6(4331 3850 4262 4332 4319 4333)
6(4334 4331 4265 4335 4322 4336)
6(4337 4334 4268 4338 4325 4339)
6(4340 4337 4271 4341 4328 4342)
6(4343 4329 4274 4344 4057 4340)
6(4345 3565 4276 4346 3107 4347)
6(4348 4345 4279 4349 3111 4350)
6(4351 4348 4282 4352 3115 4353)
6(4354 4351 4285 4355 3119 4356)
6(4357 3123 4288 4358 4000 4354)
6(4359 3640 4290 4360 4347 4361)
6(4362 4359 4293 4363 4350 4364)
6(4365 4362 4296 4366 4353 4367)
6(4368 4365 4299 4369 4356 4370)
6(4371 4357 4302 4372 4015 4368)
6(4373 3715 4304 4374 4361 4375)
6(4376 4373 4307 4377 4364 4378)
6(4379 4376 4310 4380 4367 4381)
6(4382 4379 4313 4383 4370 4384)
6(4385 4371 4316 4386 4030 4382)
6(4387 3790 4318 4388 4375 4389)
6(4390 4387 4321 4391 4378 4392)
6(4393 4390 4324 4394 4381 4395)
6(4396 4393 4327 4397 4384 4398)
6(4399 4385 4330 4400 4045 4396)
6(4401 3865 4332 4402 4389 4403)
6(4404 4401 4335 4405 4392 4406)
6(4407 4404 4338 4408 4395 4409)
6(4410 4407 4341 4411 4398 4412)
6(4413 4399 4344 4414 4060 4410)
6(4415 3580 4346 4067 3126 4416)
6(4417 4415 4349 4070 3130 4418)
6(4419 4417 4352 4073 3134 4420)
6(4421 4419 4355 4076 3138 4422)
6(4423 3142 4358 4077 4003 4421)
6(4424 3655 4360 4081 4416 4425)
6(4426 4424 4363 4084 4418 4427)
6(4428 4426 4366 4087 4420 4429)
6(4430 4428 4369 4090 4422 4431)
6(4432 4423 4372 4091 4018 4430)
6(4433 3730 4374 4095 4425 4434)
6(4435 4433 4377 4098 4427 4436)
6(4437 4435 4380 4101 4429 4438)
6(4439 4437 4383 4104 4431 4440)
6(4441 4432 4386 4105 4033 4439)
6(4442 3805 4388 4109 4434 4443)
6(4444 4442 4391 4112 4436 4445)
6(4446 4444 4394 4115 4438 4447)
6(4448 4446 4397 4118 4440 4449)
6(4450 4441 4400 4119 4048 4448)
6(4451 3880 4402 4123 4443 4452)
6(4453 4451 4405 4126 4445 4454)
6(4455 4453 4408 4129 4447 4456)
6(4457 4455 4411 4132 4449 4458)
6(4459 4450 4414 4133 4063 4457)
6(4460 3945 4654 4193 1855 4461)
6(4462 4460 4653 4196 1859 4463)
6(4464 4462 4652 4199 1863 4465)
6(4466 4464 4651 4202 1867 4467)
6(4468 1871 4650 4203 4052 4466)
6(4469 3955 4659 4263 4461 4470)
6(4471 4469 4658 4266 4463 4472)
6(4473 4471 4657 4269 4465 4474)
6(4475 4473 4656 4272 4467 4476)
6(4477 4468 4655 4273 4055 4475)
6(4478 3965 4664 4333 4470 4479)
6(4480 4478 4663 4336 4472 4481)
6(4482 4480 4662 4339 4474 4483)
6(4484 4482 4661 4342 4476 4485)
6(4486 4477 4660 4343 4058 4484)
6(4487 3975 4669 4403 4479 4488)
6(4489 4487 4668 4406 4481 4490)
6(4491 4489 4667 4409 4483 4492)
6(4493 4491 4666 4412 4485 4494)
6(4495 4486 4665 4413 4061 4493)
6(4496 3985 4674 4452 4488 4122)
6(4497 4496 4673 4454 4490 4125)
6(4498 4497 4672 4456 4492 4128)
6(4499 4498 4671 4458 4494 4131)
6(4670 4459 4495 4134 4064 4499)
)

// ************************************************************************* //
