/*--------------------------------*- C++ -*----------------------------------*\
| =========                 |                                                 |
| \\      /  F ield         | OpenFOAM Extend Project: Open Source CFD        |
|  \\    /   O peration     | Version:  1.6-ext                               |
|   \\  /    A nd           | Web:      www.extend-project.de                 |
|    \\/     M anipulation  |                                                 |
\*---------------------------------------------------------------------------*/
FoamFile
{
    version     2.0;
    format      ascii;
    class       vectorField;
    location    "constant/polyMesh";
    object      points;
}
// * * * * * * * * * * * * * * * * * * * * * * * * * * * * * * * * * * * * * //

1933
(
(1 -1.891997571e-50 0)
(-1.394849083e-50 1 0)
(6.123031769e-17 6.123031769e-17 -1)
(0.9876874568 9.57887364e-18 -0.1564400448)
(0.9510600093 1.892055048e-17 -0.3090062439)
(0.8910013924 2.779859921e-17 -0.4540005713)
(0.8090203149 3.598999789e-17 -0.5877806819)
(0.7071067812 4.329637285e-17 -0.7071067812)
(0.5877806819 4.95365709e-17 -0.8090203149)
(0.4540005713 5.455629832e-17 -0.8910013924)
(0.3090062439 5.823370651e-17 -0.9510600093)
(0.1564400448 6.047641676e-17 -0.9876874568)
(6.047641676e-17 0.1564400448 -0.9876874568)
(5.823370651e-17 0.3090062439 -0.9510600093)
(5.455629832e-17 0.4540005713 -0.8910013924)
(4.95365709e-17 0.5877806819 -0.8090203149)
(4.329637285e-17 0.7071067812 -0.7071067812)
(3.598999789e-17 0.8090203149 -0.5877806819)
(2.779859921e-17 0.8910013924 -0.4540005713)
(1.892055048e-17 0.9510600093 -0.3090062439)
(9.57887364e-18 0.9876874568 -0.1564400448)
(0.9876874568 0.1564400448 0)
(0.9510600093 0.3090062439 0)
(0.8910013924 0.4540005713 0)
(0.8090203149 0.5877806819 0)
(0.7071067812 0.7071067812 0)
(0.5877806819 0.8090203149 0)
(0.4540005713 0.8910013924 0)
(0.3090062439 0.9510600093 0)
(0.1564400448 0.9876874568 0)
(-1.394849083e-50 -1 0)
(9.57887364e-18 -0.9876874568 -0.1564400448)
(1.892055048e-17 -0.9510600093 -0.3090062439)
(2.779859921e-17 -0.8910013924 -0.4540005713)
(3.598999789e-17 -0.8090203149 -0.5877806819)
(4.329637285e-17 -0.7071067812 -0.7071067812)
(4.95365709e-17 -0.5877806819 -0.8090203149)
(5.455629832e-17 -0.4540005713 -0.8910013924)
(5.823370651e-17 -0.3090062439 -0.9510600093)
(6.047641676e-17 -0.1564400448 -0.9876874568)
(1.224606354e-16 -6.123031769e-17 1)
(-6.047641676e-17 -0.1564400448 0.9876874568)
(-5.823370651e-17 -0.3090062439 0.9510600093)
(-5.455629832e-17 -0.4540005713 0.8910013924)
(-4.95365709e-17 -0.5877806819 0.8090203149)
(-4.329637285e-17 -0.7071067812 0.7071067812)
(-3.598999789e-17 -0.8090203149 0.5877806819)
(-2.779859921e-17 -0.8910013924 0.4540005713)
(-1.892055048e-17 -0.9510600093 0.3090062439)
(-9.57887364e-18 -0.9876874568 0.1564400448)
(-9.57887364e-18 0.9876874568 0.1564400448)
(-1.892055048e-17 0.9510600093 0.3090062439)
(-2.779859921e-17 0.8910013924 0.4540005713)
(-3.598999789e-17 0.8090203149 0.5877806819)
(-4.329637285e-17 0.7071067812 0.7071067812)
(-4.95365709e-17 0.5877806819 0.8090203149)
(-5.455629832e-17 0.4540005713 0.8910013924)
(-5.823370651e-17 0.3090062439 0.9510600093)
(-6.047641676e-17 0.1564400448 0.9876874568)
(0.1564400448 -0.9876874568 0)
(0.3090062439 -0.9510600093 0)
(0.4540005713 -0.8910013924 0)
(0.5877806819 -0.8090203149 0)
(0.7071067812 -0.7071067812 0)
(0.8090203149 -0.5877806819 0)
(0.8910013924 -0.4540005713 0)
(0.9510600093 -0.3090062439 0)
(0.9876874568 -0.1564400448 0)
(-1 -1.891997571e-50 0)
(-0.9876874568 -0.1564400448 0)
(-0.9510600093 -0.3090062439 0)
(-0.8910013924 -0.4540005713 0)
(-0.8090203149 -0.5877806819 0)
(-0.7071067812 -0.7071067812 0)
(-0.5877806819 -0.8090203149 0)
(-0.4540005713 -0.8910013924 0)
(-0.3090062439 -0.9510600093 0)
(-0.1564400448 -0.9876874568 0)
(-0.1564400448 0.9876874568 0)
(-0.3090062439 0.9510600093 0)
(-0.4540005713 0.8910013924 0)
(-0.5877806819 0.8090203149 0)
(-0.7071067812 0.7071067812 0)
(-0.8090203149 0.5877806819 0)
(-0.8910013924 0.4540005713 0)
(-0.9510600093 0.3090062439 0)
(-0.9876874568 0.1564400448 0)
(-0.1564400448 6.047641676e-17 -0.9876874568)
(-0.3090062439 5.823370651e-17 -0.9510600093)
(-0.4540005713 5.455629832e-17 -0.8910013924)
(-0.5877806819 4.95365709e-17 -0.8090203149)
(-0.7071067812 4.329637285e-17 -0.7071067812)
(-0.8090203149 3.598999789e-17 -0.5877806819)
(-0.8910013924 2.779859921e-17 -0.4540005713)
(-0.9510600093 1.892055048e-17 -0.3090062439)
(-0.9876874568 9.57887364e-18 -0.1564400448)
(-0.9876874568 -9.57887364e-18 0.1564400448)
(-0.9510600093 -1.892055048e-17 0.3090062439)
(-0.8910013924 -2.779859921e-17 0.4540005713)
(-0.8090203149 -3.598999789e-17 0.5877806819)
(-0.7071067812 -4.329637285e-17 0.7071067812)
(-0.5877806819 -4.95365709e-17 0.8090203149)
(-0.4540005713 -5.455629832e-17 0.8910013924)
(-0.3090062439 -5.823370651e-17 0.9510600093)
(-0.1564400448 -6.047641676e-17 0.9876874568)
(0.1564400448 -6.047641676e-17 0.9876874568)
(0.3090062439 -5.823370651e-17 0.9510600093)
(0.4540005713 -5.455629832e-17 0.8910013924)
(0.5877806819 -4.95365709e-17 0.8090203149)
(0.7071067812 -4.329637285e-17 0.7071067812)
(0.8090203149 -3.598999789e-17 0.5877806819)
(0.8910013924 -2.779859921e-17 0.4540005713)
(0.9510600093 -1.892055048e-17 0.3090062439)
(0.9876874568 -9.57887364e-18 0.1564400448)
(0.590337782 0.5597868676 -0.5814980361)
(0.7067883419 0.6933877758 -0.1402270731)
(0.6902507767 0.6668289 -0.2808791259)
(0.6619588148 0.6323913243 -0.402357727)
(0.6237130324 0.5919728757 -0.5104411501)
(0.7037214004 0.1314225346 -0.6982150873)
(0.6850124368 0.2649268705 -0.6786543412)
(0.6564196782 0.3835782162 -0.6496006143)
(0.6209983337 0.4878814743 -0.6134596454)
(0.1387596705 0.6995623814 -0.7009694918)
(0.2803096612 0.6753217285 -0.6821781709)
(0.4060812342 0.6387992556 -0.6534780351)
(0.5167563208 0.5954712296 -0.6151234995)
(0.1411533779 0.7987462633 -0.584876167)
(0.2839090696 0.7702600031 -0.5710474305)
(0.41667967 0.725130576 -0.5482369017)
(0.5336054582 0.6644207025 -0.5232689032)
(0.1482741085 0.8801630283 -0.4509188756)
(0.2971360369 0.847544667 -0.4397478971)
(0.4343346307 0.7955379342 -0.4224604405)
(0.5577172169 0.7215198162 -0.4103177559)
(0.1537881283 0.9390110326 -0.3075833094)
(0.3073298166 0.9030668389 -0.3000311123)
(0.4476632609 0.8454887657 -0.2911122667)
(0.5778241524 0.7653582661 -0.283453653)
(0.1566973806 0.9754394281 -0.1548026263)
(0.3117828043 0.9381283351 -0.1506874572)
(0.455490871 0.8783360588 -0.145099394)
(0.5890776079 0.79566906 -0.1410614013)
(0.8047385954 0.5769568696 -0.1397016956)
(0.7822834525 0.5557238501 -0.2814313458)
(0.7429809628 0.5282777723 -0.4109767443)
(0.6898591398 0.5000646696 -0.5234784556)
(0.8841846308 0.4446403401 -0.1432218789)
(0.8568390843 0.4273146113 -0.2884943788)
(0.8099573266 0.4056757141 -0.4235520559)
(0.740519475 0.3903925021 -0.5470142608)
(0.9411089988 0.3031743806 -0.1496634469)
(0.9083054477 0.2913914725 -0.3001203481)
(0.8541724033 0.2781530711 -0.4393408409)
(0.7780916811 0.268020864 -0.5681004773)
(0.9761634296 0.1524707536 -0.1544591466)
(0.9402150796 0.1461740888 -0.3076178472)
(0.8821622085 0.1385834083 -0.4500938534)
(0.8018371757 0.133192981 -0.582509033)
(0.5861209335 0.1310152862 -0.7995606582)
(0.5727319008 0.2675847093 -0.774839721)
(0.5514735168 0.3951237901 -0.7346796246)
(0.5306619615 0.5040605769 -0.681410902)
(0.4517543871 0.1415777428 -0.8808369409)
(0.4437743652 0.2812348472 -0.8508650149)
(0.4279023505 0.4136325309 -0.8036216198)
(0.4138170652 0.53409441 -0.7372235738)
(0.3080081275 0.1489125877 -0.9396574028)
(0.3020054907 0.2955530276 -0.9063338742)
(0.2911428563 0.4354343035 -0.8518408329)
(0.2816368137 0.5624205381 -0.7774084149)
(0.154723424 0.1534090364 -0.9759745538)
(0.1506488085 0.3056596491 -0.9401473903)
(0.1462969358 0.4480468053 -0.8819587671)
(0.1378200343 0.5813944117 -0.8018641882)
(0.5904022839 -0.5595792099 -0.581632402)
(0.70432511 -0.130514224 -0.6977765952)
(0.6864437747 -0.2641299358 -0.6775177645)
(0.6579021216 -0.3835430311 -0.6481200056)
(0.6218480646 -0.48780343 -0.6126604265)
(0.7063073974 -0.6938496824 -0.1403655176)
(0.6890477181 -0.6679321351 -0.2812114951)
(0.6605614988 -0.6336616419 -0.4026554729)
(0.6225656428 -0.5927469122 -0.5109433613)
(0.1386280613 -0.6993253953 -0.7012319531)
(0.2798914756 -0.6744212849 -0.6832398497)
(0.4057539519 -0.637951758 -0.65450843)
(0.5168994992 -0.5944362458 -0.616003618)
(0.1398438087 -0.5808617167 -0.8018998536)
(0.2812655013 -0.5606785688 -0.7787998846)
(0.4155904446 -0.5305700544 -0.7387692466)
(0.5328486129 -0.5015400536 -0.681564326)
(0.1478079569 -0.4469885235 -0.8822437689)
(0.2941372889 -0.4326562308 -0.852227576)
(0.4322212825 -0.4091647218 -0.803597532)
(0.5538639302 -0.3930730603 -0.7339811415)
(0.1529657929 -0.3044109072 -0.9401784223)
(0.3042901926 -0.2933806395 -0.9062754984)
(0.4463321111 -0.2785724219 -0.8504028765)
(0.5744043906 -0.2662483056 -0.7740616486)
(0.155627522 -0.1526096374 -0.9759561327)
(0.309283038 -0.1469381845 -0.9395494518)
(0.4528561793 -0.1402069599 -0.8804903686)
(0.5864575181 -0.1295498252 -0.7995526388)
(0.8029297003 -0.130466441 -0.5816204984)
(0.7799524209 -0.2668840568 -0.5660804902)
(0.7405810538 -0.3928398464 -0.5451757129)
(0.689075303 -0.5023081387 -0.5223617144)
(0.883004066 -0.1390735929 -0.4482882502)
(0.855822145 -0.2788806961 -0.4356535474)
(0.8088316646 -0.4103224683 -0.4212206195)
(0.7420743175 -0.5308666997 -0.4092752795)
(0.9407516048 -0.1470231278 -0.3055660614)
(0.9085052374 -0.2939896292 -0.2969652025)
(0.8551331616 -0.4305229391 -0.2887858633)
(0.780553613 -0.5577112935 -0.2823015593)
(0.9761761175 -0.1530472625 -0.1538074219)
(0.9407010905 -0.3047391711 -0.1490486366)
(0.8834546311 -0.446098982 -0.1431908273)
(0.8040726633 -0.5778089127 -0.1400143299)
(0.5886733394 -0.7959887191 -0.1409455874)
(0.5766334225 -0.766258873 -0.2834452956)
(0.5550684531 -0.7217781532 -0.4134432366)
(0.5314765474 -0.664076349 -0.5258662208)
(0.4545404567 -0.8788021699 -0.1452574247)
(0.445308235 -0.8464185794 -0.2920208284)
(0.4293342547 -0.7954391962 -0.4277248916)
(0.4137921111 -0.7244445079 -0.5513222686)
(0.3099147976 -0.9386334541 -0.1513937154)
(0.3037435659 -0.9031957344 -0.3032776146)
(0.2928515149 -0.8472190413 -0.4432357006)
(0.283065464 -0.7693969759 -0.5726274851)
(0.1557556689 -0.9754810477 -0.1554892191)
(0.1522725738 -0.9385806011 -0.3096441805)
(0.1469905926 -0.8794574782 -0.452712171)
(0.1388246261 -0.7986750525 -0.5855304294)
(0.5903446624 -0.5597773494 0.5815002138)
(0.703721834 -0.1314222984 0.6982146947)
(0.6850147191 -0.2649256984 0.678652495)
(0.6564244712 -0.3835757378 0.6495972344)
(0.6210059653 -0.4878740367 0.613457835)
(0.1387596937 -0.6995623949 0.7009694737)
(0.2803102688 -0.6753218643 0.6821777868)
(0.4060824756 -0.6387999502 0.6534765847)
(0.5167710087 -0.5954485971 0.6151330691)
(0.7067894979 -0.6933865044 0.1402275338)
(0.6902553854 -0.6668285488 0.2808686336)
(0.6619557816 -0.632384828 0.4023729271)
(0.623717738 -0.5919654271 0.5104440385)
(0.8047387326 -0.576956682 0.13970168)
(0.7823038368 -0.55572934 0.2813638349)
(0.7429907793 -0.5282767758 0.4109602781)
(0.6898683507 -0.5000599985 0.5234707792)
(0.8841846364 -0.4446403294 0.1432218776)
(0.8568394087 -0.4273143773 0.2884937619)
(0.8099650733 -0.4056744165 0.4235384846)
(0.7405256388 -0.390389652 0.5470079505)
(0.9411090016 -0.3031743743 0.1496634421)
(0.9083055921 -0.2913913391 0.3001200408)
(0.8541751793 -0.278152047 0.4393360921)
(0.7780944708 -0.2680194999 0.5680972999)
(0.9761634305 -0.1524707507 0.1544591439)
(0.9402151239 -0.1461740315 0.307617739)
(0.8821628712 -0.1385829626 0.4500926916)
(0.8018379008 -0.1331925173 0.5825081409)
(0.5861209393 -0.1310152719 0.7995606562)
(0.5727324634 -0.2675846575 0.774839323)
(0.5514772672 -0.3951206013 0.7346785244)
(0.5306698447 -0.5040521646 0.6814109856)
(0.4517543987 -0.1415777395 0.8808369355)
(0.4437744023 -0.2812348462 0.8508649958)
(0.4279028236 -0.4136327252 0.8036212679)
(0.4138197562 -0.5340923855 0.73722353)
(0.3080081307 -0.148912587 0.9396574018)
(0.3020055529 -0.2955530552 0.9063338444)
(0.2911430379 -0.4354343993 0.8518407219)
(0.2816376271 -0.562420085 0.777408448)
(0.1547234249 -0.1534090363 0.9759745536)
(0.1506488087 -0.3056596493 0.9401473902)
(0.1462969983 -0.4480468426 0.8819587377)
(0.1378200861 -0.5813944479 0.8018641529)
(0.1411533806 -0.7987462643 0.584876165)
(0.2839090928 -0.7702600144 0.5710474037)
(0.4166952156 -0.7251288638 0.5482273508)
(0.5336129559 -0.664410229 0.523274556)
(0.1482741092 -0.8801630285 0.450918875)
(0.2971361432 -0.8475446547 0.4397478489)
(0.4343397633 -0.79553643 0.4224579961)
(0.5577207154 -0.7215141878 0.4103228979)
(0.1537881288 -0.9390110326 0.3075833091)
(0.3073298767 -0.9030668254 0.3000310914)
(0.4476653685 -0.8454878569 0.2911116655)
(0.577826863 -0.7653556972 0.2834550638)
(0.1566973808 -0.975439428 0.1548026262)
(0.3117828227 -0.9381283298 0.1506874524)
(0.4554913819 -0.8783358161 0.1450992598)
(0.5890784179 -0.7956684537 0.1410614379)
(0.5597868676 0.590337782 0.5814980361)
(0.6933877758 0.7067883419 0.1402270731)
(0.6668289 0.6902507767 0.2808791259)
(0.6323913243 0.6619588148 0.402357727)
(0.5919728757 0.6237130324 0.5104411501)
(0.1314225346 0.7037214004 0.6982150873)
(0.2649268705 0.6850124368 0.6786543412)
(0.3835782162 0.6564196782 0.6496006143)
(0.4878814743 0.6209983337 0.6134596454)
(0.6995623814 0.1387596705 0.7009694918)
(0.6753217285 0.2803096612 0.6821781709)
(0.6387992556 0.4060812342 0.6534780351)
(0.5954712296 0.5167563208 0.6151234995)
(0.7987462633 0.1411533779 0.584876167)
(0.7702600031 0.2839090696 0.5710474305)
(0.725130576 0.41667967 0.5482369017)
(0.6644207025 0.5336054582 0.5232689032)
(0.8801630283 0.1482741085 0.4509188756)
(0.847544667 0.2971360369 0.4397478971)
(0.7955379342 0.4343346307 0.4224604405)
(0.7215198162 0.5577172169 0.4103177559)
(0.9390110326 0.1537881283 0.3075833094)
(0.9030668389 0.3073298166 0.3000311123)
(0.8454887657 0.4476632609 0.2911122667)
(0.7653582661 0.5778241524 0.283453653)
(0.9754394281 0.1566973806 0.1548026263)
(0.9381283351 0.3117828043 0.1506874572)
(0.8783360588 0.455490871 0.145099394)
(0.79566906 0.5890776079 0.1410614013)
(0.5769568696 0.8047385954 0.1397016956)
(0.5557238501 0.7822834525 0.2814313458)
(0.5282777723 0.7429809628 0.4109767443)
(0.5000646696 0.6898591398 0.5234784556)
(0.4446403401 0.8841846308 0.1432218789)
(0.4273146113 0.8568390843 0.2884943788)
(0.4056757141 0.8099573266 0.4235520559)
(0.3903925021 0.740519475 0.5470142608)
(0.3031743806 0.9411089988 0.1496634469)
(0.2913914725 0.9083054477 0.3001203481)
(0.2781530711 0.8541724033 0.4393408409)
(0.268020864 0.7780916811 0.5681004773)
(0.1524707536 0.9761634296 0.1544591466)
(0.1461740888 0.9402150796 0.3076178472)
(0.1385834083 0.8821622085 0.4500938534)
(0.133192981 0.8018371757 0.582509033)
(0.1310152862 0.5861209335 0.7995606582)
(0.2675847093 0.5727319008 0.774839721)
(0.3951237901 0.5514735168 0.7346796246)
(0.5040605769 0.5306619615 0.681410902)
(0.1415777428 0.4517543871 0.8808369409)
(0.2812348472 0.4437743652 0.8508650149)
(0.4136325309 0.4279023505 0.8036216198)
(0.53409441 0.4138170652 0.7372235738)
(0.1489125877 0.3080081275 0.9396574028)
(0.2955530276 0.3020054907 0.9063338742)
(0.4354343035 0.2911428563 0.8518408329)
(0.5624205381 0.2816368137 0.7774084149)
(0.1534090364 0.154723424 0.9759745538)
(0.3056596491 0.1506488085 0.9401473903)
(0.4480468053 0.1462969358 0.8819587671)
(0.5813944117 0.1378200343 0.8018641882)
(-0.5903977857 0.5595825622 -0.5816337428)
(-0.1386281293 0.699325441 -0.7012318941)
(-0.279891579 0.6744221988 -0.6832389053)
(-0.4057546611 0.6379541664 -0.6545056429)
(-0.5168721107 0.5944376867 -0.6160252087)
(-0.7043250743 0.1305143115 -0.6977766148)
(-0.6864445681 0.2641298973 -0.6775169756)
(-0.6579039186 0.3835429895 -0.6481182061)
(-0.6218492248 0.4878041425 -0.6126586817)
(-0.7063079289 0.6938492718 -0.1403648728)
(-0.6890501668 0.6679313241 -0.2812074214)
(-0.6605664175 0.6336612364 -0.4026480418)
(-0.62256326 0.5927521018 -0.5109402441)
(-0.5886733674 0.7959887027 -0.1409455631)
(-0.5766368894 0.7662581626 -0.2834401632)
(-0.5550699893 0.7217794352 -0.413438936)
(-0.5314720011 0.6640801482 -0.5258660179)
(-0.4545404579 0.8788021695 -0.1452574236)
(-0.4453083095 0.8464185667 -0.2920207519)
(-0.4293376525 0.7954397856 -0.4277203849)
(-0.4137919017 0.7244462282 -0.5513201653)
(-0.309914798 0.938633454 -0.151393715)
(-0.3037436047 0.903195735 -0.3032775741)
(-0.2928525317 0.8472193563 -0.4432344266)
(-0.2830656935 0.7693975751 -0.5726265664)
(-0.1557556691 0.9754810477 -0.1554892189)
(-0.1522725868 0.9385806033 -0.3096441674)
(-0.1469908771 0.8794576161 -0.4527118106)
(-0.1388247622 0.7986751209 -0.5855303038)
(-0.1398438163 0.5808617223 -0.8018998483)
(-0.2812655511 0.5606786605 -0.7787998006)
(-0.4156297157 0.5305620021 -0.7387529366)
(-0.5328496933 0.501538472 -0.6815646451)
(-0.1478080689 0.44698853 -0.8822437468)
(-0.2941377106 0.4326562291 -0.8522274313)
(-0.4322318579 0.4091634931 -0.8035924695)
(-0.5538670395 0.393072382 -0.7339791584)
(-0.1529658232 0.3044109101 -0.9401784164)
(-0.3042911137 0.2933806315 -0.9062751918)
(-0.4463349992 0.2785723123 -0.8504013966)
(-0.5744054902 0.2662483087 -0.7740608316)
(-0.1556275298 0.1526096385 -0.9759561313)
(-0.3092830381 0.1469381849 -0.9395494517)
(-0.4528569665 0.1402069958 -0.880489958)
(-0.5864575044 0.1295499078 -0.7995526355)
(-0.8029296995 0.130466445 -0.5816204985)
(-0.7799527111 0.2668838206 -0.5660802017)
(-0.7405826938 0.3928396578 -0.5451736208)
(-0.6890784863 0.5023084286 -0.5223572363)
(-0.8830040655 0.1390735942 -0.4482882506)
(-0.8558221613 0.2788806778 -0.4356535272)
(-0.8088326552 0.4103217482 -0.4212194189)
(-0.7420768055 0.5308661478 -0.4092714843)
(-0.9407516049 0.1470231279 -0.3055660612)
(-0.9085052522 0.2939896076 -0.2969651788)
(-0.8551335911 0.4305225365 -0.2887851917)
(-0.7805547881 0.5577105923 -0.2822996955)
(-0.9761761176 0.1530472623 -0.1538074216)
(-0.9407010962 0.3047391592 -0.1490486242)
(-0.883454713 0.4460988626 -0.1431906941)
(-0.8040728791 0.5778086945 -0.1400139909)
(-0.5903484724 0.5597829838 0.5814909219)
(-0.1387596638 0.6995624098 0.7009694647)
(-0.2803100443 0.6753220702 0.6821776752)
(-0.4060814479 0.6388016264 0.6534755848)
(-0.5167737791 0.5954577806 0.615121852)
(-0.7067890146 0.6933872355 0.1402263545)
(-0.6902535071 0.6668267264 0.2808775763)
(-0.6619647654 0.6323865507 0.4023554396)
(-0.6237257055 0.5919617654 0.5104385492)
(-0.7037214795 0.1314222824 0.698215055)
(-0.6850194488 0.2649136451 0.678652426)
(-0.6564270433 0.3835765029 0.6495941835)
(-0.6210106057 0.487877364 0.6134504913)
(-0.5861209386 0.1310152813 0.7995606553)
(-0.5727504038 0.2675281358 0.7748455791)
(-0.5514846995 0.3951045178 0.7346815951)
(-0.5306740807 0.5040498479 0.6814094004)
(-0.4517544149 0.1415776385 0.8808369434)
(-0.443774475 0.2812344664 0.8508650835)
(-0.4279062567 0.413620817 0.803625569)
(-0.4138211916 0.5340899551 0.737224485)
(-0.3080081345 0.148912561 0.9396574047)
(-0.3020057481 0.2955520964 0.9063340921)
(-0.2911437666 0.4354314018 0.851842005)
(-0.2816381105 0.5624188906 0.7774091369)
(-0.1547234257 0.1534090298 0.9759745546)
(-0.1506488083 0.3056596494 0.9401473902)
(-0.1462971418 0.448046073 0.8819591049)
(-0.1378200228 0.5813944795 0.8018641409)
(-0.1411533775 0.7987462657 0.5848761638)
(-0.2839090675 0.7702600372 0.5710473855)
(-0.4166933158 0.7251313755 0.5482254726)
(-0.5336173032 0.6644136278 0.5232658072)
(-0.1482741083 0.8801630288 0.4509188746)
(-0.2971361093 0.8475446831 0.4397478172)
(-0.4343387135 0.7955375656 0.422456937)
(-0.5577235801 0.721516284 0.4103153179)
(-0.1537881284 0.9390110327 0.3075833089)
(-0.3073298553 0.9030668396 0.3000310704)
(-0.4476648973 0.8454883534 0.2911109479)
(-0.5778269456 0.7653567369 0.2834520882)
(-0.1566973806 0.9754394281 0.1548026261)
(-0.3117828147 0.9381283337 0.1506874448)
(-0.45549121 0.8783359346 0.145099082)
(-0.5890782088 0.7956686885 0.1410609874)
(-0.804738663 0.5769567996 0.1397015954)
(-0.782284759 0.5557227094 0.2814299666)
(-0.7429842837 0.5282755677 0.4109735744)
(-0.6898647134 0.5000642308 0.5234715295)
(-0.8841846336 0.4446403363 0.1432218732)
(-0.8568391817 0.4273145101 0.2884942392)
(-0.8099584283 0.4056747168 0.4235509044)
(-0.7405230901 0.390391701 0.5470099385)
(-0.9411090001 0.3031743782 0.1496634438)
(-0.9083054873 0.2913914185 0.3001202808)
(-0.854172853 0.2781526368 0.4393402417)
(-0.7780928946 0.2680204355 0.5680990173)
(-0.97616343 0.1524707525 0.1544591452)
(-0.9402150919 0.1461740669 0.3076178199)
(-0.8821623201 0.1385832503 0.4500936833)
(-0.8018373924 0.1331928543 0.5825087637)
(-0.5904022839 -0.5595792099 0.581632402)
(-0.70432511 -0.130514224 0.6977765952)
(-0.6864437747 -0.2641299358 0.6775177645)
(-0.6579021216 -0.3835430311 0.6481200056)
(-0.6218480646 -0.48780343 0.6126604265)
(-0.7063073974 -0.6938496824 0.1403655176)
(-0.6890477181 -0.6679321351 0.2812114951)
(-0.6605614988 -0.6336616419 0.4026554729)
(-0.6225656428 -0.5927469122 0.5109433613)
(-0.1386280613 -0.6993253953 0.7012319531)
(-0.2798914756 -0.6744212849 0.6832398497)
(-0.4057539519 -0.637951758 0.65450843)
(-0.5168994992 -0.5944362458 0.616003618)
(-0.1398438087 -0.5808617167 0.8018998536)
(-0.2812655013 -0.5606785688 0.7787998846)
(-0.4155904446 -0.5305700544 0.7387692466)
(-0.5328486129 -0.5015400536 0.681564326)
(-0.1478079569 -0.4469885235 0.8822437689)
(-0.2941372889 -0.4326562308 0.852227576)
(-0.4322212825 -0.4091647218 0.803597532)
(-0.5538639302 -0.3930730603 0.7339811415)
(-0.1529657929 -0.3044109072 0.9401784223)
(-0.3042901926 -0.2933806395 0.9062754984)
(-0.4463321111 -0.2785724219 0.8504028765)
(-0.5744043906 -0.2662483056 0.7740616486)
(-0.155627522 -0.1526096374 0.9759561327)
(-0.309283038 -0.1469381845 0.9395494518)
(-0.4528561793 -0.1402069599 0.8804903686)
(-0.5864575181 -0.1295498252 0.7995526388)
(-0.8029297003 -0.130466441 0.5816204984)
(-0.7799524209 -0.2668840568 0.5660804902)
(-0.7405810538 -0.3928398464 0.5451757129)
(-0.689075303 -0.5023081387 0.5223617144)
(-0.883004066 -0.1390735929 0.4482882502)
(-0.855822145 -0.2788806961 0.4356535474)
(-0.8088316646 -0.4103224683 0.4212206195)
(-0.7420743175 -0.5308666997 0.4092752795)
(-0.9407516048 -0.1470231278 0.3055660614)
(-0.9085052374 -0.2939896292 0.2969652025)
(-0.8551331616 -0.4305229391 0.2887858633)
(-0.780553613 -0.5577112935 0.2823015593)
(-0.9761761175 -0.1530472625 0.1538074219)
(-0.9407010905 -0.3047391711 0.1490486366)
(-0.8834546311 -0.446098982 0.1431908273)
(-0.8040726633 -0.5778089127 0.1400143299)
(-0.5886733394 -0.7959887191 0.1409455874)
(-0.5766334225 -0.766258873 0.2834452956)
(-0.5550684531 -0.7217781532 0.4134432366)
(-0.5314765474 -0.664076349 0.5258662208)
(-0.4545404567 -0.8788021699 0.1452574247)
(-0.445308235 -0.8464185794 0.2920208284)
(-0.4293342547 -0.7954391962 0.4277248916)
(-0.4137921111 -0.7244445079 0.5513222686)
(-0.3099147976 -0.9386334541 0.1513937154)
(-0.3037435659 -0.9031957344 0.3032776146)
(-0.2928515149 -0.8472190413 0.4432357006)
(-0.283065464 -0.7693969759 0.5726274851)
(-0.1557556689 -0.9754810477 0.1554892191)
(-0.1522725738 -0.9385806011 0.3096441805)
(-0.1469905926 -0.8794574782 0.452712171)
(-0.1388246261 -0.7986750525 0.5855304294)
(-0.5595825622 -0.5903977857 -0.5816337428)
(-0.699325441 -0.1386281293 -0.7012318941)
(-0.6744221988 -0.279891579 -0.6832389053)
(-0.6379541664 -0.4057546611 -0.6545056429)
(-0.5944376867 -0.5168721107 -0.6160252087)
(-0.1305143115 -0.7043250743 -0.6977766148)
(-0.2641298973 -0.6864445681 -0.6775169756)
(-0.3835429895 -0.6579039186 -0.6481182061)
(-0.4878041425 -0.6218492248 -0.6126586817)
(-0.6938492718 -0.7063079289 -0.1403648728)
(-0.6679313241 -0.6890501668 -0.2812074214)
(-0.6336612364 -0.6605664175 -0.4026480418)
(-0.5927521018 -0.62256326 -0.5109402441)
(-0.7959887027 -0.5886733674 -0.1409455631)
(-0.7662581626 -0.5766368894 -0.2834401632)
(-0.7217794352 -0.5550699893 -0.413438936)
(-0.6640801482 -0.5314720011 -0.5258660179)
(-0.8788021695 -0.4545404579 -0.1452574236)
(-0.8464185667 -0.4453083095 -0.2920207519)
(-0.7954397856 -0.4293376525 -0.4277203849)
(-0.7244462282 -0.4137919017 -0.5513201653)
(-0.938633454 -0.309914798 -0.151393715)
(-0.903195735 -0.3037436047 -0.3032775741)
(-0.8472193563 -0.2928525317 -0.4432344266)
(-0.7693975751 -0.2830656935 -0.5726265664)
(-0.9754810477 -0.1557556691 -0.1554892189)
(-0.9385806033 -0.1522725868 -0.3096441674)
(-0.8794576161 -0.1469908771 -0.4527118106)
(-0.7986751209 -0.1388247622 -0.5855303038)
(-0.5808617223 -0.1398438163 -0.8018998483)
(-0.5606786605 -0.2812655511 -0.7787998006)
(-0.5305620021 -0.4156297157 -0.7387529366)
(-0.501538472 -0.5328496933 -0.6815646451)
(-0.44698853 -0.1478080689 -0.8822437468)
(-0.4326562291 -0.2941377106 -0.8522274313)
(-0.4091634931 -0.4322318579 -0.8035924695)
(-0.393072382 -0.5538670395 -0.7339791584)
(-0.3044109101 -0.1529658232 -0.9401784164)
(-0.2933806315 -0.3042911137 -0.9062751918)
(-0.2785723123 -0.4463349992 -0.8504013966)
(-0.2662483087 -0.5744054902 -0.7740608316)
(-0.1526096385 -0.1556275298 -0.9759561313)
(-0.1469381849 -0.3092830381 -0.9395494517)
(-0.1402069958 -0.4528569665 -0.880489958)
(-0.1295499078 -0.5864575044 -0.7995526355)
(-0.130466445 -0.8029296995 -0.5816204985)
(-0.2668838206 -0.7799527111 -0.5660802017)
(-0.3928396578 -0.7405826938 -0.5451736208)
(-0.5023084286 -0.6890784863 -0.5223572363)
(-0.1390735942 -0.8830040655 -0.4482882506)
(-0.2788806778 -0.8558221613 -0.4356535272)
(-0.4103217482 -0.8088326552 -0.4212194189)
(-0.5308661478 -0.7420768055 -0.4092714843)
(-0.1470231279 -0.9407516049 -0.3055660612)
(-0.2939896076 -0.9085052522 -0.2969651788)
(-0.4305225365 -0.8551335911 -0.2887851917)
(-0.5577105923 -0.7805547881 -0.2822996955)
(-0.1530472623 -0.9761761176 -0.1538074216)
(-0.3047391592 -0.9407010962 -0.1490486242)
(-0.4460988626 -0.883454713 -0.1431906941)
(-0.5778086945 -0.8040728791 -0.1400139909)
(3.089968568e-34 0 0)
(-0.8333333333 0 0)
(-0.6666666667 0 0)
(-0.5 0 0)
(-0.3333333333 0 0)
(-0.1666666667 0 0)
(1.020505295e-17 1.020505295e-17 -0.1666666667)
(2.04101059e-17 2.04101059e-17 -0.3333333333)
(3.061515885e-17 3.061515885e-17 -0.5)
(4.082021179e-17 4.082021179e-17 -0.6666666667)
(5.102526474e-17 5.102526474e-17 -0.8333333333)
(-0.6387125923 3.943285737e-17 -0.6440087011)
(-0.1424581743 4.908797112e-17 -0.8016938826)
(-0.2859492865 4.694357728e-17 -0.7666721169)
(-0.4230880412 4.435512602e-17 -0.7243981037)
(-0.5449399243 4.153361874e-17 -0.6783178711)
(-0.785365958 1.288519626e-17 -0.2104381742)
(-0.754102498 1.941628558e-17 -0.3171024799)
(-0.714543823 2.668066011e-17 -0.4357426373)
(-0.6719789256 3.378357571e-17 -0.5517458832)
(-0.1384273861 3.884990674e-17 -0.6344880806)
(-0.2782104783 3.702990445e-17 -0.6047642058)
(-0.4162434844 3.537189313e-17 -0.5776859318)
(-0.5466761348 3.399797309e-17 -0.5552473737)
(-0.1366970532 2.883964204e-17 -0.4710026524)
(-0.2790140954 2.750749874e-17 -0.4492463827)
(-0.4208947444 2.644940881e-17 -0.4319658921)
(-0.5677698522 2.624730577e-17 -0.42866519)
(-0.1367147177 1.893414104e-17 -0.3092282018)
(-0.2870348053 1.817067206e-17 -0.2967593954)
(-0.4410035229 1.794172604e-17 -0.2930202997)
(-0.592810474 1.819517873e-17 -0.297159633)
(-0.1501292295 9.529893257e-18 -0.155640108)
(-0.3024838403 8.967179959e-18 -0.1464499989)
(-0.4653400223 9.196510199e-18 -0.1501953696)
(-0.6264098546 1.02772648e-17 -0.1678460147)
(0 -0.1666666667 0)
(0 -0.3333333333 0)
(0 -0.5 0)
(0 -0.6666666667 0)
(0 -0.8333333333 0)
(3.922708241e-17 -0.6406255867 -0.64064803)
(8.726945045e-18 -0.8014956866 -0.1425265354)
(1.752467843e-17 -0.7653654524 -0.2862091704)
(2.593285274e-17 -0.7218768727 -0.4235296127)
(3.341576648e-17 -0.6750631064 -0.5457389042)
(4.917211907e-17 -0.1441469587 -0.8030681683)
(4.687414762e-17 -0.2861330622 -0.7655382071)
(4.41533352e-17 -0.4221562745 -0.7211025006)
(4.13494817e-17 -0.5460334643 -0.6753105856)
(8.497590279e-18 -0.6331334636 -0.1387807642)
(1.708091594e-17 -0.6014382143 -0.2789617395)
(2.556216192e-17 -0.5723253381 -0.4174755724)
(3.359961503e-17 -0.5486095293 -0.548741478)
(8.419571993e-18 -0.4684145174 -0.1375065868)
(1.71764105e-17 -0.4437417017 -0.2805213356)
(2.591869491e-17 -0.4229490716 -0.4232983902)
(3.501304882e-17 -0.4164436796 -0.5718253659)
(8.497552739e-18 -0.3053622419 -0.1387801511)
(1.773763156e-17 -0.2895672396 -0.2896870738)
(2.72199385e-17 -0.2809255502 -0.4445500126)
(3.669683579e-17 -0.276063468 -0.5993246022)
(9.312474326e-18 -0.1520618701 -0.1520892701)
(1.877107082e-17 -0.140185983 -0.3065649752)
(2.871907576e-17 -0.1379271779 -0.4690335906)
(3.88166378e-17 -0.1394338613 -0.6339447395)
(-0.6406255867 -0.64064803 0)
(-0.8014956866 -0.1425265354 0)
(-0.7653654524 -0.2862091704 0)
(-0.7218768727 -0.4235296127 0)
(-0.6750631064 -0.5457389042 0)
(-0.1441469587 -0.8030681683 0)
(-0.2861330622 -0.7655382071 0)
(-0.4221562745 -0.7211025006 0)
(-0.5460334643 -0.6753105856 0)
(-0.6331334636 -0.1387807642 0)
(-0.6014382143 -0.2789617395 0)
(-0.5723253381 -0.4174755724 0)
(-0.5486095293 -0.548741478 0)
(-0.4684145174 -0.1375065868 0)
(-0.4437417017 -0.2805213356 0)
(-0.4229490716 -0.4232983902 0)
(-0.4164436796 -0.5718253659 0)
(-0.3053622419 -0.1387801511 0)
(-0.2895672396 -0.2896870738 0)
(-0.2809255502 -0.4445500126 0)
(-0.276063468 -0.5993246022 0)
(-0.1520618701 -0.1520892701 0)
(-0.140185983 -0.3065649752 0)
(-0.1379271779 -0.4690335906 0)
(-0.1394338613 -0.6339447395 0)
(-0.5298162586 -0.5507140063 -0.5457101377)
(-0.1245764996 -0.6331425345 -0.6297179478)
(-0.248484078 -0.6180547711 -0.6135747792)
(-0.3625214165 -0.597808156 -0.5918514795)
(-0.4597022901 -0.5723357044 -0.5665729161)
(-0.6283358404 -0.1319062465 -0.6349735699)
(-0.6101667431 -0.2610888171 -0.6191471238)
(-0.58307056 -0.377670929 -0.5947237912)
(-0.5543477976 -0.4783836209 -0.5679653222)
(-0.627738943 -0.6347463648 -0.1318057857)
(-0.6086414211 -0.620953599 -0.2600497566)
(-0.5817369811 -0.5976058222 -0.3745506221)
(-0.5538129223 -0.572655313 -0.4740290763)
(-0.1421653171 -0.1443315156 -0.7909915887)
(-0.2831516179 -0.1427137009 -0.7633184099)
(-0.4159539741 -0.1385511359 -0.7228417761)
(-0.535351545 -0.134061098 -0.6762312197)
(-0.1389055093 -0.2865252494 -0.7618822491)
(-0.2753839928 -0.2819514302 -0.7389306126)
(-0.4034694198 -0.2736502132 -0.702094395)
(-0.5184616814 -0.2642122849 -0.6577929725)
(-0.1332429791 -0.4195352939 -0.7199811522)
(-0.2622800457 -0.4104075419 -0.6983273677)
(-0.3868479923 -0.3995159853 -0.6683402112)
(-0.4974863121 -0.3870709606 -0.6306646143)
(-0.1277014083 -0.5398162508 -0.6721998984)
(-0.254223091 -0.5281647959 -0.6548756165)
(-0.3720300972 -0.5112970462 -0.6278253227)
(-0.4748364409 -0.4917310512 -0.5956228211)
(-0.1427639673 -0.7911066079 -0.1434102617)
(-0.2836866522 -0.7634086326 -0.1411949177)
(-0.4158708531 -0.7225402598 -0.1370415472)
(-0.5351113498 -0.6756849885 -0.1336914654)
(-0.1390413473 -0.7630446204 -0.2849561794)
(-0.2741921051 -0.7393033995 -0.2773807252)
(-0.4034612555 -0.7038784596 -0.270911398)
(-0.5184570616 -0.6596638276 -0.2633755288)
(-0.1332675444 -0.7223466333 -0.4175396644)
(-0.2646646894 -0.7035136966 -0.4081702179)
(-0.3868798633 -0.6712292552 -0.3946597514)
(-0.4972972508 -0.6333260082 -0.3836172401)
(-0.127827026 -0.6745905428 -0.5367865514)
(-0.2543308651 -0.658448958 -0.5236336044)
(-0.3720218834 -0.6323888669 -0.505992175)
(-0.4745436005 -0.6002950825 -0.4863089411)
(-0.787714825 -0.1438088313 -0.1567800865)
(-0.7605042226 -0.2870213942 -0.1447964191)
(-0.7190578539 -0.4214525097 -0.1388486607)
(-0.670076919 -0.5414302633 -0.1341974359)
(-0.7580959176 -0.1421834806 -0.2962313984)
(-0.7343516329 -0.280820758 -0.2830893083)
(-0.6968580205 -0.4128522609 -0.2737672868)
(-0.6492952071 -0.5291854584 -0.2638692771)
(-0.7173090783 -0.1380870083 -0.4255403885)
(-0.6966055732 -0.2736633907 -0.4138726049)
(-0.6612458987 -0.3989898837 -0.3982762813)
(-0.619813009 -0.5120289409 -0.3850722978)
(-0.6695619753 -0.1337357604 -0.5425760308)
(-0.6495447133 -0.2648604459 -0.5284616407)
(-0.6202077849 -0.3863140282 -0.5094618872)
(-0.5840639984 -0.492066026 -0.487632314)
(-0.1453709872 -0.1462312414 -0.1472818147)
(-0.1419360245 -0.1432211725 -0.3011112881)
(-0.1393513551 -0.1407603612 -0.4589787077)
(-0.1384987115 -0.1397372319 -0.620662989)
(-0.1426504953 -0.2996969137 -0.14319732)
(-0.1402588828 -0.2906611463 -0.291383301)
(-0.1365793028 -0.2814761708 -0.4411998802)
(-0.1359944644 -0.2788236671 -0.5975631162)
(-0.1395039974 -0.4576617736 -0.1403171942)
(-0.1376060851 -0.44247449 -0.2823128672)
(-0.1331550401 -0.4246392539 -0.4242437793)
(-0.1305504682 -0.4135331515 -0.569080355)
(-0.1391328644 -0.6205128572 -0.139990719)
(-0.1348389716 -0.5976232053 -0.2775633751)
(-0.1314789311 -0.5712167107 -0.4133777682)
(-0.1280886816 -0.5455373398 -0.5437948833)
(-0.2979815493 -0.1432688296 -0.1454693998)
(-0.288611488 -0.1419766314 -0.2940436195)
(-0.278717329 -0.13785529 -0.443000472)
(-0.2766145172 -0.1385245025 -0.5997337027)
(-0.2891822185 -0.2905676502 -0.1423911775)
(-0.2820345572 -0.2841900262 -0.28555084)
(-0.2741707235 -0.2773511066 -0.4310727616)
(-0.2690576092 -0.2736069408 -0.5803736421)
(-0.280873032 -0.4421277911 -0.139159563)
(-0.274167916 -0.43094608 -0.2773960901)
(-0.2651457746 -0.4154082763 -0.4146024277)
(-0.261142656 -0.4066879374 -0.5558870248)
(-0.2760345666 -0.5971202948 -0.1369592159)
(-0.2696784674 -0.5815251458 -0.2726494345)
(-0.2597402554 -0.5557483227 -0.4031369489)
(-0.2544793439 -0.5339408093 -0.5314714377)
(-0.4554063835 -0.1401393897 -0.1447712584)
(-0.4391480913 -0.1392203739 -0.2874564345)
(-0.4199938419 -0.1347027051 -0.4277819203)
(-0.4106311228 -0.1353189619 -0.5736706014)
(-0.4403599793 -0.2826528472 -0.1407872588)
(-0.4276122724 -0.2775773174 -0.2798139504)
(-0.4111108261 -0.2707502956 -0.4175411104)
(-0.400183166 -0.2670274118 -0.557402582)
(-0.4235192085 -0.4259672452 -0.1368484733)
(-0.4119828517 -0.4170666747 -0.2714680824)
(-0.3974986688 -0.4039667276 -0.4031205948)
(-0.3852105528 -0.3942449929 -0.5346116797)
(-0.4115403422 -0.5718652549 -0.1349533062)
(-0.4010765249 -0.5584027862 -0.2665557346)
(-0.3859239757 -0.5363781904 -0.3925462923)
(-0.3729507576 -0.5157049952 -0.512170193)
(-0.6174305125 -0.1395686845 -0.1480580707)
(-0.5930900695 -0.1369445798 -0.28611693)
(-0.5667976587 -0.1351163939 -0.4203497038)
(-0.5402045284 -0.1319654836 -0.5484142562)
(-0.5956216877 -0.2788316713 -0.1401992223)
(-0.5774007845 -0.2743100884 -0.2769931291)
(-0.5510057717 -0.2661211619 -0.4079425877)
(-0.5267892748 -0.2622781473 -0.5345411872)
(-0.5690319525 -0.415539203 -0.1361397981)
(-0.5527995859 -0.4076591584 -0.2683825678)
(-0.5294635918 -0.3952142655 -0.3948179695)
(-0.5051327225 -0.3836339042 -0.5136022067)
(-0.5407152398 -0.5453880933 -0.1318437194)
(-0.526496097 -0.534568656 -0.2613927057)
(-0.5052668232 -0.515619678 -0.3818784049)
(-0.4834813873 -0.4971706397 -0.4941651168)
(-5.102526474e-17 -5.102526474e-17 0.8333333333)
(-4.082021179e-17 -4.082021179e-17 0.6666666667)
(-3.061515885e-17 -3.061515885e-17 0.5)
(-2.04101059e-17 -2.04101059e-17 0.3333333333)
(-1.020505295e-17 -1.020505295e-17 0.1666666667)
(-0.6406255867 -3.922708241e-17 0.64064803)
(-0.8014956866 -8.726945045e-18 0.1425265354)
(-0.7653654524 -1.752467843e-17 0.2862091704)
(-0.7218768727 -2.593285274e-17 0.4235296127)
(-0.6750631064 -3.341576648e-17 0.5457389042)
(-0.1441469587 -4.917211907e-17 0.8030681683)
(-0.2861330622 -4.687414762e-17 0.7655382071)
(-0.4221562745 -4.41533352e-17 0.7211025006)
(-0.5460334643 -4.13494817e-17 0.6753105856)
(-0.6331334636 -8.497590279e-18 0.1387807642)
(-0.6014382143 -1.708091594e-17 0.2789617395)
(-0.5723253381 -2.556216192e-17 0.4174755724)
(-0.5486095293 -3.359961503e-17 0.548741478)
(-0.4684145174 -8.419571993e-18 0.1375065868)
(-0.4437417017 -1.71764105e-17 0.2805213356)
(-0.4229490716 -2.591869491e-17 0.4232983902)
(-0.4164436796 -3.501304882e-17 0.5718253659)
(-0.3053622419 -8.497552739e-18 0.1387801511)
(-0.2895672396 -1.773763156e-17 0.2896870738)
(-0.2809255502 -2.72199385e-17 0.4445500126)
(-0.276063468 -3.669683579e-17 0.5993246022)
(-0.1520618701 -9.312474326e-18 0.1520892701)
(-0.140185983 -1.877107082e-17 0.3065649752)
(-0.1379271779 -2.871907576e-17 0.4690335906)
(-0.1394338613 -3.88166378e-17 0.6339447395)
(-3.922570819e-17 -0.64064803 0.6406255867)
(-4.907583552e-17 -0.1425265354 0.8014956866)
(-4.68635698e-17 -0.2862091704 0.7653654524)
(-4.420075025e-17 -0.4235296127 0.7218768727)
(-4.133432847e-17 -0.5457389042 0.6750631064)
(-8.826164074e-18 -0.8030681683 0.1441469587)
(-1.75200183e-17 -0.7655382071 0.2861330622)
(-2.58487628e-17 -0.7211025006 0.4221562745)
(-3.343380249e-17 -0.6753105856 0.5460334643)
(-3.876696312e-17 -0.1387807642 0.6331334636)
(-3.682625293e-17 -0.2789617395 0.6014382143)
(-3.504366227e-17 -0.4174755724 0.5723253381)
(-3.359153577e-17 -0.548741478 0.5486095293)
(-2.868116971e-17 -0.1375065868 0.4684145174)
(-2.717044537e-17 -0.2805213356 0.4437417017)
(-2.589730602e-17 -0.4232983902 0.4229490716)
(-2.54989788e-17 -0.5718253659 0.4164436796)
(-1.869742708e-17 -0.1387801511 0.3053622419)
(-1.773029407e-17 -0.2896870738 0.2895672396)
(-1.720116069e-17 -0.4445500126 0.2809255502)
(-1.690345385e-17 -0.5993246022 0.276063468)
(-9.310796612e-18 -0.1520892701 0.1520618701)
(-8.583632273e-18 -0.3065649752 0.140185983)
(-8.445324923e-18 -0.4690335906 0.1379271779)
(-8.537579624e-18 -0.6339447395 0.1394338613)
(-0.5504344792 -0.5303248578 0.5453675748)
(-0.1318716942 -0.6294382976 0.6325322676)
(-0.2598164723 -0.6089842414 0.616373361)
(-0.3782382699 -0.5834323005 0.5945164422)
(-0.4788233251 -0.5542215908 0.5679386026)
(-0.633826454 -0.1260025936 0.6308909974)
(-0.6201237338 -0.2498345399 0.614906199)
(-0.5977091084 -0.3620211894 0.5910699938)
(-0.5724984711 -0.4595454728 0.5658958351)
(-0.6344275373 -0.6280725786 0.1316085176)
(-0.6209906634 -0.6088316538 0.2597804327)
(-0.598013355 -0.5816522215 0.3742079481)
(-0.5729825742 -0.5537182805 0.4737005444)
(-0.1443010652 -0.1423274968 0.7905056)
(-0.286615276 -0.1390559897 0.761753799)
(-0.4199176034 -0.1334880352 0.72048317)
(-0.5402903758 -0.1282220425 0.6728970411)
(-0.1426947688 -0.2834352382 0.76228415)
(-0.2820881399 -0.2754713155 0.738320941)
(-0.4122269371 -0.2642343387 0.7002930958)
(-0.5282489559 -0.2537395842 0.6543078308)
(-0.1382613344 -0.4162626131 0.7210116161)
(-0.2713520246 -0.4022679301 0.6987022286)
(-0.3997834491 -0.3868581694 0.6677125571)
(-0.5119099284 -0.3725190773 0.6282050157)
(-0.1336809925 -0.53541299 0.6734639065)
(-0.2647698909 -0.5189665395 0.6566366084)
(-0.3867837656 -0.497227336 0.6292623811)
(-0.4925778982 -0.4743206606 0.5950873151)
(-0.1445773011 -0.7904505937 0.1443899889)
(-0.2872956864 -0.7613496983 0.1424278495)
(-0.4210204753 -0.7189577889 0.1380010129)
(-0.5412564364 -0.6704777278 0.1340775961)
(-0.1425122611 -0.7609272027 0.2864707885)
(-0.2808598371 -0.7350679172 0.2797777724)
(-0.4128479449 -0.6970049454 0.27263679)
(-0.5296448905 -0.6500095216 0.2640217691)
(-0.1380813965 -0.7191598828 0.4193413103)
(-0.2736095034 -0.696835644 0.4110404956)
(-0.3993783343 -0.6614127789 0.3971672922)
(-0.512289212 -0.6198753854 0.3848205547)
(-0.133303885 -0.6704619217 0.538467059)
(-0.2646444556 -0.6500100362 0.5263462571)
(-0.3868075878 -0.6202786241 0.5087131923)
(-0.4922247731 -0.5839144916 0.4875789368)
(-0.7912752371 -0.1432407291 0.1440194453)
(-0.7631484444 -0.2839245734 0.1409926746)
(-0.7228304332 -0.4164766006 0.1370574354)
(-0.675370744 -0.535376632 0.1333473719)
(-0.7628440941 -0.1391799484 0.2852119712)
(-0.7393743332 -0.2744972989 0.2776614982)
(-0.703967288 -0.4036985833 0.2708294988)
(-0.6590582715 -0.5182155155 0.2623708908)
(-0.7225022715 -0.1334697915 0.4179527642)
(-0.7036523871 -0.2648330603 0.4083635404)
(-0.6712398108 -0.3867786101 0.3943976254)
(-0.6334824099 -0.497184797 0.3831444369)
(-0.6753773549 -0.12871963 0.5374686688)
(-0.6581004328 -0.2545538872 0.5235878532)
(-0.6317992777 -0.3717574767 0.5054468027)
(-0.6005671205 -0.4745350415 0.4854864004)
(-0.1461716362 -0.1462685792 0.1458039343)
(-0.1432533542 -0.1427111526 0.2993486149)
(-0.1406808921 -0.1396440314 0.457446312)
(-0.1397774218 -0.1387910745 0.6196881986)
(-0.299478867 -0.1428114708 0.1426290946)
(-0.2906641195 -0.1405069486 0.2906180162)
(-0.2813503801 -0.1367974869 0.4403280713)
(-0.2790360645 -0.1363702192 0.5971497415)
(-0.4575427205 -0.1394664228 0.1400224456)
(-0.4424567202 -0.1379119113 0.2821926496)
(-0.4251117894 -0.1339752872 0.4245065644)
(-0.4142484371 -0.1319743826 0.5697599268)
(-0.6204118394 -0.138834668 0.1397191101)
(-0.5974183696 -0.1349260415 0.2773594723)
(-0.5715203736 -0.1320272803 0.4133528854)
(-0.5447527678 -0.1275440073 0.543111094)
(-0.1434616557 -0.2995703912 0.1428907539)
(-0.1418929491 -0.2898325894 0.2904662334)
(-0.1374803308 -0.2789993067 0.4393796788)
(-0.1379555649 -0.276717843 0.5970659486)
(-0.2905483723 -0.2897619792 0.1413124974)
(-0.2841137423 -0.2827196301 0.2839170823)
(-0.2773990473 -0.2744484324 0.4294516943)
(-0.2736728548 -0.2693324157 0.5790841036)
(-0.4423395704 -0.2812210548 0.1389352263)
(-0.4311178184 -0.2748012054 0.2771605466)
(-0.4163574699 -0.2664251341 0.4150325304)
(-0.4063980342 -0.260693357 0.5551189904)
(-0.598094967 -0.2767721625 0.1372345187)
(-0.5819931586 -0.2704067679 0.2730064341)
(-0.5565641414 -0.2603939707 0.4037888086)
(-0.534311879 -0.2542429832 0.5308039375)
(-0.1404098629 -0.4571965655 0.1402703907)
(-0.1391362277 -0.4410149606 0.2817062438)
(-0.1346234842 -0.4216984569 0.4228751249)
(-0.1321573127 -0.4100622506 0.5679036902)
(-0.2825970999 -0.4408670083 0.1388350745)
(-0.2772833526 -0.4283075118 0.2768676631)
(-0.269543694 -0.4110115771 0.4140580364)
(-0.2669951755 -0.4006263516 0.5554863693)
(-0.4259547602 -0.4238200805 0.1361285772)
(-0.4166414455 -0.4127620521 0.2703706433)
(-0.4040321357 -0.3976866254 0.4019111836)
(-0.3939416585 -0.3857026562 0.5336110045)
(-0.5721523415 -0.4122076249 0.1348090173)
(-0.5582416747 -0.4008990964 0.2660060905)
(-0.5375744626 -0.3864361652 0.3921887279)
(-0.5158085152 -0.3724221889 0.5111264362)
(-0.1404096251 -0.6198083391 0.1402059006)
(-0.1368593452 -0.5955869654 0.2772707829)
(-0.1350139097 -0.5685495759 0.4137166209)
(-0.132299141 -0.5419856391 0.5444100466)
(-0.2784338411 -0.5954850359 0.1372476699)
(-0.2740772856 -0.5779440248 0.2730727732)
(-0.265512648 -0.5504548128 0.4036416938)
(-0.2624313263 -0.5270774987 0.5325192001)
(-0.4149390739 -0.5690240733 0.1350308639)
(-0.4074434385 -0.552906332 0.2667279108)
(-0.3946649507 -0.5285336419 0.3928701074)
(-0.3842644204 -0.505270481 0.5127645137)
(-0.5449066047 -0.541355157 0.1314380209)
(-0.5344721105 -0.5268339559 0.2607757702)
(-0.5163554718 -0.5049265307 0.3811265734)
(-0.4976580936 -0.4839300939 0.4936810473)
(0.8333333333 0 0)
(0.6666666667 0 0)
(0.5 0 0)
(0.3333333333 0 0)
(0.1666666667 0 0)
(0.6406255867 3.922708241e-17 -0.64064803)
(0.8014956866 8.726945045e-18 -0.1425265354)
(0.7653654524 1.752467843e-17 -0.2862091704)
(0.7218768727 2.593285274e-17 -0.4235296127)
(0.6750631064 3.341576648e-17 -0.5457389042)
(0.1441469587 4.917211907e-17 -0.8030681683)
(0.2861330622 4.687414762e-17 -0.7655382071)
(0.4221562745 4.41533352e-17 -0.7211025006)
(0.5460334643 4.13494817e-17 -0.6753105856)
(0.6331334636 8.497590279e-18 -0.1387807642)
(0.6014382143 1.708091594e-17 -0.2789617395)
(0.5723253381 2.556216192e-17 -0.4174755724)
(0.5486095293 3.359961503e-17 -0.548741478)
(0.4684145174 8.419571993e-18 -0.1375065868)
(0.4437417017 1.71764105e-17 -0.2805213356)
(0.4229490716 2.591869491e-17 -0.4232983902)
(0.4164436796 3.501304882e-17 -0.5718253659)
(0.3053622419 8.497552739e-18 -0.1387801511)
(0.2895672396 1.773763156e-17 -0.2896870738)
(0.2809255502 2.72199385e-17 -0.4445500126)
(0.276063468 3.669683579e-17 -0.5993246022)
(0.1520618701 9.312474326e-18 -0.1520892701)
(0.140185983 1.877107082e-17 -0.3065649752)
(0.1379271779 2.871907576e-17 -0.4690335906)
(0.1394338613 3.88166378e-17 -0.6339447395)
(0.64064803 -0.6406255867 0)
(0.1425265354 -0.8014956866 0)
(0.2862091704 -0.7653654524 0)
(0.4235296127 -0.7218768727 0)
(0.5457389042 -0.6750631064 0)
(0.8030681683 -0.1441469587 0)
(0.7655382071 -0.2861330622 0)
(0.7211025006 -0.4221562745 0)
(0.6753105856 -0.5460334643 0)
(0.1387807642 -0.6331334636 0)
(0.2789617395 -0.6014382143 0)
(0.4174755724 -0.5723253381 0)
(0.548741478 -0.5486095293 0)
(0.1375065868 -0.4684145174 0)
(0.2805213356 -0.4437417017 0)
(0.4232983902 -0.4229490716 0)
(0.5718253659 -0.4164436796 0)
(0.1387801511 -0.3053622419 0)
(0.2896870738 -0.2895672396 0)
(0.4445500126 -0.2809255502 0)
(0.5993246022 -0.276063468 0)
(0.1520892701 -0.1520618701 0)
(0.3065649752 -0.140185983 0)
(0.4690335906 -0.1379271779 0)
(0.6339447395 -0.1394338613 0)
(0.5507872007 -0.5299118635 -0.5454759217)
(0.6331765996 -0.1246093311 -0.629609723)
(0.6181278261 -0.2485190716 -0.6133779976)
(0.5978884637 -0.3625840463 -0.5916295951)
(0.5724037734 -0.4597794181 -0.5663524733)
(0.1319421204 -0.6294516089 -0.6327436672)
(0.2611584998 -0.6107743851 -0.617914613)
(0.3777529196 -0.5833849634 -0.5940445743)
(0.4784545474 -0.554505854 -0.5676095228)
(0.6347472377 -0.6278030131 -0.1316677513)
(0.620963369 -0.6087228115 -0.2598493096)
(0.5976045034 -0.5818238499 -0.3743121417)
(0.5726857436 -0.553897338 -0.4737984833)
(0.14495321 -0.1430535646 -0.7912247729)
(0.1428343685 -0.2835809143 -0.7623811109)
(0.1385800182 -0.4162177557 -0.7210687208)
(0.1340867674 -0.5361116248 -0.6741498128)
(0.2863878361 -0.1389724642 -0.7614301563)
(0.2820145845 -0.2756254135 -0.7382953077)
(0.2737119766 -0.4037603084 -0.701124414)
(0.2642779964 -0.5189469427 -0.6565652374)
(0.4195042301 -0.1332968101 -0.7197308509)
(0.4104482033 -0.2624143317 -0.6978662957)
(0.3995943861 -0.3870329014 -0.6677795074)
(0.3871487618 -0.4977542853 -0.6300275045)
(0.5398541435 -0.1277327305 -0.6720298958)
(0.5282299982 -0.2542993303 -0.6545992764)
(0.5113825816 -0.3721365588 -0.6274863763)
(0.4918021127 -0.4749788869 -0.5952538268)
(0.7910957055 -0.1427826368 -0.1433314847)
(0.7634300334 -0.2837241451 -0.1411014656)
(0.7225601094 -0.4159182651 -0.1369104862)
(0.6757100977 -0.5351626239 -0.1335533971)
(0.7630944053 -0.1390835734 -0.2848588781)
(0.7393133526 -0.2742568868 -0.2771674227)
(0.7039059458 -0.4035275215 -0.2706977709)
(0.6596902876 -0.5185361339 -0.2631430981)
(0.7223483903 -0.1332930363 -0.4174067471)
(0.7035304152 -0.264721028 -0.4079569912)
(0.6712531041 -0.3869639529 -0.3943737468)
(0.6333519369 -0.4973789433 -0.3833617328)
(0.6746122727 -0.1278517732 -0.5366508594)
(0.658490856 -0.2543855896 -0.5234134077)
(0.6324374385 -0.3720856174 -0.5057405916)
(0.6003243114 -0.4746180283 -0.4860478861)
(0.1450691512 -0.7903749683 -0.1448765903)
(0.2874877023 -0.7610903168 -0.1422932132)
(0.4216224705 -0.7192067014 -0.1381866709)
(0.5414791648 -0.6701606352 -0.133943735)
(0.1426547222 -0.7608605395 -0.2869102835)
(0.2810503574 -0.7351157061 -0.280272592)
(0.4129541523 -0.6970937253 -0.2728197748)
(0.5292079506 -0.6494446804 -0.263441205)
(0.1382064967 -0.7193785267 -0.4198961209)
(0.2737590403 -0.6973490934 -0.4115711036)
(0.3990481765 -0.6615578969 -0.3972773764)
(0.5120639551 -0.6199423388 -0.3846353178)
(0.1337971222 -0.6709618157 -0.5390587973)
(0.2649257094 -0.6502040888 -0.5267241192)
(0.3863674215 -0.6205215467 -0.5086158601)
(0.4921045697 -0.5842045049 -0.4872129105)
(0.1462346852 -0.1461484823 -0.1458640845)
(0.1425835952 -0.142327204 -0.2993234899)
(0.1404131082 -0.1396567365 -0.4570842896)
(0.1394992007 -0.1385415329 -0.6191382213)
(0.2998660496 -0.1430318953 -0.1426995388)
(0.2904035412 -0.1405021016 -0.290620984)
(0.2821204942 -0.137168413 -0.4405824093)
(0.2787511605 -0.1361377176 -0.5968777525)
(0.4577911451 -0.1396599138 -0.140089902)
(0.4424222004 -0.1377640815 -0.2819528351)
(0.4249520297 -0.1333920951 -0.4238097182)
(0.4137014364 -0.1307280668 -0.5686589916)
(0.6205518289 -0.1392007131 -0.1398750342)
(0.597759112 -0.1349580352 -0.2773354907)
(0.5712670366 -0.1315699533 -0.4131287381)
(0.545447639 -0.1281372414 -0.5435407833)
(0.1437457098 -0.2995076177 -0.1436648018)
(0.1415287839 -0.2892174799 -0.2902870988)
(0.1380936152 -0.2800136904 -0.4401593711)
(0.1385900306 -0.2767884239 -0.5973625307)
(0.2909037429 -0.2897899705 -0.1416087582)
(0.2850099673 -0.2830337026 -0.2844389006)
(0.2775521277 -0.2748277457 -0.429621532)
(0.2737668946 -0.2695424895 -0.5791138974)
(0.4423312438 -0.2811185003 -0.1387671129)
(0.4313071872 -0.2745603177 -0.2767122366)
(0.4154845143 -0.2654621499 -0.4137127142)
(0.4067199057 -0.2613441704 -0.5551845618)
(0.5971639315 -0.2761295653 -0.1367075765)
(0.5816314278 -0.2698174426 -0.2722416214)
(0.5557652329 -0.259889407 -0.4026177502)
(0.5339520192 -0.25458784 -0.5310600885)
(0.1403492418 -0.4570409842 -0.1403845086)
(0.1392746479 -0.4407364936 -0.2818457774)
(0.1347835162 -0.4216360386 -0.4230143783)
(0.1353600064 -0.4114018604 -0.5703385061)
(0.2828535194 -0.4410626587 -0.1391891195)
(0.2778295671 -0.428569704 -0.2774695968)
(0.2708521813 -0.4119205621 -0.4151712394)
(0.2670680448 -0.4006301615 -0.5555963035)
(0.4260991581 -0.4237931085 -0.1361926075)
(0.4171861555 -0.4123498334 -0.2704015172)
(0.4040382922 -0.3978677068 -0.4019328964)
(0.3943175645 -0.3855097706 -0.5336293761)
(0.5719297199 -0.411656403 -0.134654774)
(0.55847774 -0.4012434045 -0.2660481478)
(0.5364215122 -0.3861007276 -0.3919479331)
(0.5157761255 -0.3731020719 -0.5116215197)
(0.1400632417 -0.6195545069 -0.1401078176)
(0.1371566055 -0.5958307805 -0.2780723499)
(0.1352089368 -0.5688737364 -0.4143057632)
(0.1320142983 -0.5414288408 -0.544395454)
(0.279099259 -0.5963313409 -0.1378109783)
(0.2744828353 -0.5783791725 -0.2738885994)
(0.2662283337 -0.5519065465 -0.4051371838)
(0.2623674133 -0.5274151576 -0.5324429014)
(0.4156700238 -0.5692681256 -0.1353368605)
(0.4077631915 -0.5531808316 -0.2671457517)
(0.3953073159 -0.5298405108 -0.3935358366)
(0.3837183924 -0.5054684004 -0.5125069925)
(0.5454495234 -0.5408565651 -0.1314668639)
(0.5346179643 -0.5266804139 -0.2608315463)
(0.5156789221 -0.5054556552 -0.3812122529)
(0.4972388366 -0.4836492774 -0.4936033564)
(0.64064803 -3.922570819e-17 0.6406255867)
(0.1425265354 -4.907583552e-17 0.8014956866)
(0.2862091704 -4.68635698e-17 0.7653654524)
(0.4235296127 -4.420075025e-17 0.7218768727)
(0.5457389042 -4.133432847e-17 0.6750631064)
(0.8030681683 -8.826164074e-18 0.1441469587)
(0.7655382071 -1.75200183e-17 0.2861330622)
(0.7211025006 -2.58487628e-17 0.4221562745)
(0.6753105856 -3.343380249e-17 0.5460334643)
(0.1387807642 -3.876696312e-17 0.6331334636)
(0.2789617395 -3.682625293e-17 0.6014382143)
(0.4174755724 -3.504366227e-17 0.5723253381)
(0.548741478 -3.359153577e-17 0.5486095293)
(0.1375065868 -2.868116971e-17 0.4684145174)
(0.2805213356 -2.717044537e-17 0.4437417017)
(0.4232983902 -2.589730602e-17 0.4229490716)
(0.5718253659 -2.54989788e-17 0.4164436796)
(0.1387801511 -1.869742708e-17 0.3053622419)
(0.2896870738 -1.773029407e-17 0.2895672396)
(0.4445500126 -1.720116069e-17 0.2809255502)
(0.5993246022 -1.690345385e-17 0.276063468)
(0.1520892701 -9.310796612e-18 0.1520618701)
(0.3065649752 -8.583632273e-18 0.140185983)
(0.4690335906 -8.445324923e-18 0.1379271779)
(0.6339447395 -8.537579624e-18 0.1394338613)
(0.5509690756 -0.5301136657 0.5451518455)
(0.6326880075 -0.1249756442 0.6300349869)
(0.6172391131 -0.2489366576 0.614124191)
(0.5969990242 -0.3626742099 0.5922900741)
(0.5721742987 -0.4599823521 0.5665950054)
(0.1320853263 -0.6299054068 0.6322738504)
(0.2613826176 -0.6115704055 0.6169985975)
(0.3779893729 -0.5843318764 0.5929947776)
(0.4786361204 -0.554884512 0.5667583328)
(0.6351973233 -0.6273452081 0.1315049558)
(0.6219835695 -0.6079041649 0.2595297148)
(0.5989125573 -0.5809634677 0.3738984993)
(0.5735570181 -0.5534378249 0.4733558569)
(0.143695968 -0.142753041 0.7903007147)
(0.1419506262 -0.2841264331 0.7621897159)
(0.1376708773 -0.4167559933 0.7210978021)
(0.1335813268 -0.5365070001 0.6738191748)
(0.2859550384 -0.1397956667 0.7618979446)
(0.2810257337 -0.2766590742 0.7383870226)
(0.2724416345 -0.4050233595 0.7008685519)
(0.2639057551 -0.520129309 0.6557469391)
(0.4195185569 -0.1340606371 0.7198688362)
(0.4094753002 -0.2634018928 0.6980364448)
(0.3981854794 -0.3886053881 0.6675951106)
(0.3866820053 -0.4990725139 0.6292734939)
(0.539160209 -0.1282194904 0.6722637045)
(0.527137881 -0.2549623573 0.6549074442)
(0.5102984742 -0.3730113551 0.6277169977)
(0.4914885219 -0.4756820573 0.5948371614)
(0.7913166483 -0.142440935 0.1438560882)
(0.7636082839 -0.2830710848 0.141546119)
(0.7229464366 -0.4152109623 0.1370377108)
(0.6761779183 -0.5346001345 0.1334682378)
(0.762839964 -0.1386207586 0.2855083731)
(0.7393015999 -0.2732305561 0.2782227487)
(0.7045827219 -0.4022602571 0.2710289028)
(0.6605750726 -0.5174852942 0.2630497864)
(0.7218803802 -0.1330746288 0.4179657613)
(0.702879394 -0.2640718945 0.4091283083)
(0.6716366024 -0.3856251554 0.3952213789)
(0.6341497057 -0.496245665 0.3836593064)
(0.674189551 -0.1283574627 0.5372868515)
(0.6572384748 -0.2544354034 0.5242597772)
(0.6322992241 -0.3715571817 0.5066342718)
(0.6006484373 -0.4739493915 0.4863893482)
(0.1454959062 -0.7906091147 0.1446786302)
(0.2882359354 -0.7609739916 0.141775588)
(0.4222900029 -0.7189863587 0.137808288)
(0.5420001706 -0.6698573957 0.133718968)
(0.1434173707 -0.7609639308 0.2860328402)
(0.2824471648 -0.7350608463 0.2790091278)
(0.4142956311 -0.6967167003 0.2718579491)
(0.5303122679 -0.6488837479 0.2627938422)
(0.1390869681 -0.719627712 0.4188877671)
(0.2754018115 -0.6975477647 0.4100447558)
(0.4009371609 -0.6613979807 0.3954660631)
(0.5134431392 -0.6196058323 0.3835646366)
(0.1349920814 -0.6718475762 0.5388132959)
(0.2658803188 -0.6507022391 0.5255665218)
(0.3872736 -0.620111255 0.506885785)
(0.493145268 -0.5842445904 0.4859603073)
(0.14851633 -0.1483483163 0.1487232167)
(0.1419261383 -0.1415773432 0.2983360989)
(0.1400085096 -0.1394411725 0.4567639353)
(0.1399355938 -0.1391831566 0.6195116832)
(0.1441238219 -0.3004028907 0.1442268073)
(0.1416529639 -0.2893383141 0.2907643797)
(0.1389543416 -0.2810166614 0.44147091)
(0.1383531585 -0.277648825 0.5973715018)
(0.1404908812 -0.4574667901 0.1404536982)
(0.1394280915 -0.4409567849 0.2818204447)
(0.1350131069 -0.4220516725 0.4228839433)
(0.1351464041 -0.412005082 0.5702378464)
(0.1402418889 -0.6197658202 0.1399360334)
(0.1374820299 -0.5956873815 0.2772664289)
(0.1355146903 -0.5690499855 0.4135531428)
(0.1318240855 -0.5418506685 0.5436472938)
(0.3010880433 -0.1437099314 0.1441737537)
(0.290257991 -0.1406089758 0.2907278144)
(0.2823711609 -0.1376352478 0.4414500106)
(0.2790649951 -0.1364082279 0.5971110966)
(0.2912328915 -0.2900890416 0.1418275017)
(0.2848330127 -0.2828027168 0.2841606071)
(0.2771770469 -0.2746480861 0.4294538918)
(0.2734155126 -0.2701603272 0.5792791055)
(0.2830575717 -0.4411837029 0.139127938)
(0.2779972065 -0.4285501928 0.2772240067)
(0.2709704749 -0.4123858021 0.4149460172)
(0.2665267866 -0.401217882 0.5553074503)
(0.2794234925 -0.5963145668 0.1375258453)
(0.2750654518 -0.5783587787 0.273264422)
(0.2667705622 -0.552166506 0.4043769474)
(0.2623772535 -0.527957568 0.5316588071)
(0.4582858806 -0.1397110847 0.1404605147)
(0.4424167489 -0.1376812072 0.2818626841)
(0.4242452232 -0.1330485277 0.4231413113)
(0.4135710848 -0.130993458 0.5687046866)
(0.4425562912 -0.2810954441 0.1388769451)
(0.43122863 -0.2744137108 0.2767336311)
(0.4153121661 -0.2655960988 0.4138055846)
(0.4062013626 -0.2618107649 0.5552762251)
(0.4263376578 -0.4237098294 0.1361415856)
(0.4174530007 -0.4122045925 0.2702569842)
(0.404155201 -0.3979453281 0.4017460703)
(0.3938598269 -0.3860214144 0.5334173699)
(0.4160435555 -0.5691244336 0.1351033169)
(0.4084113502 -0.5529787237 0.2666526144)
(0.3959480496 -0.529840767 0.3928057319)
(0.3836530694 -0.5059752697 0.5116575292)
(0.6207020809 -0.1390442752 0.1400327823)
(0.5973647874 -0.1347549394 0.2771347828)
(0.5708489114 -0.1314704872 0.4131155652)
(0.5451341629 -0.1282955653 0.5436717975)
(0.5972777205 -0.2758577235 0.136854288)
(0.5815778548 -0.269431127 0.2724811247)
(0.5554363469 -0.2596353601 0.402901322)
(0.533474111 -0.254785822 0.5313684636)
(0.5721800903 -0.4113507258 0.1346807151)
(0.5588416719 -0.4007578382 0.2661101939)
(0.5366081407 -0.3857431069 0.392078664)
(0.5153778711 -0.373310057 0.5117640563)
(0.5458450751 -0.5405523001 0.131345719)
(0.5353352019 -0.5261659457 0.2605706275)
(0.5164292972 -0.5051015427 0.3808587011)
(0.4977710828 -0.4841252726 0.4934269188)
(0 0.1666666667 0)
(0 0.3333333333 0)
(0 0.5 0)
(0 0.6666666667 0)
(0 0.8333333333 0)
(3.922570819e-17 0.64064803 -0.6406255867)
(4.907583552e-17 0.1425265354 -0.8014956866)
(4.68635698e-17 0.2862091704 -0.7653654524)
(4.420075025e-17 0.4235296127 -0.7218768727)
(4.133432847e-17 0.5457389042 -0.6750631064)
(8.826164074e-18 0.8030681683 -0.1441469587)
(1.75200183e-17 0.7655382071 -0.2861330622)
(2.58487628e-17 0.7211025006 -0.4221562745)
(3.343380249e-17 0.6753105856 -0.5460334643)
(3.876696312e-17 0.1387807642 -0.6331334636)
(3.682625293e-17 0.2789617395 -0.6014382143)
(3.504366227e-17 0.4174755724 -0.5723253381)
(3.359153577e-17 0.548741478 -0.5486095293)
(2.868116971e-17 0.1375065868 -0.4684145174)
(2.717044537e-17 0.2805213356 -0.4437417017)
(2.589730602e-17 0.4232983902 -0.4229490716)
(2.54989788e-17 0.5718253659 -0.4164436796)
(1.869742708e-17 0.1387801511 -0.3053622419)
(1.773029407e-17 0.2896870738 -0.2895672396)
(1.720116069e-17 0.4445500126 -0.2809255502)
(1.690345385e-17 0.5993246022 -0.276063468)
(9.310796612e-18 0.1520892701 -0.1520618701)
(8.583632273e-18 0.3065649752 -0.140185983)
(8.445324923e-18 0.4690335906 -0.1379271779)
(8.537579624e-18 0.6339447395 -0.1394338613)
(-0.64064803 0.6406255867 0)
(-0.1425265354 0.8014956866 0)
(-0.2862091704 0.7653654524 0)
(-0.4235296127 0.7218768727 0)
(-0.5457389042 0.6750631064 0)
(-0.8030681683 0.1441469587 0)
(-0.7655382071 0.2861330622 0)
(-0.7211025006 0.4221562745 0)
(-0.6753105856 0.5460334643 0)
(-0.1387807642 0.6331334636 0)
(-0.2789617395 0.6014382143 0)
(-0.4174755724 0.5723253381 0)
(-0.548741478 0.5486095293 0)
(-0.1375065868 0.4684145174 0)
(-0.2805213356 0.4437417017 0)
(-0.4232983902 0.4229490716 0)
(-0.5718253659 0.4164436796 0)
(-0.1387801511 0.3053622419 0)
(-0.2896870738 0.2895672396 0)
(-0.4445500126 0.2809255502 0)
(-0.5993246022 0.276063468 0)
(-0.1520892701 0.1520618701 0)
(-0.3065649752 0.140185983 0)
(-0.4690335906 0.1379271779 0)
(-0.6339447395 0.1394338613 0)
(-0.5506868199 0.5298615037 -0.5456888199)
(-0.6321891865 0.1246090749 -0.6316966892)
(-0.6174943691 0.248460342 -0.6146839473)
(-0.597564905 0.3625096435 -0.5923090303)
(-0.5722380271 0.4597214019 -0.5667098789)
(-0.131918607 0.6294509578 -0.6328165981)
(-0.2611115626 0.6107410937 -0.6180472922)
(-0.3776792883 0.5833223984 -0.594251867)
(-0.4783699689 0.5544458684 -0.5678195076)
(-0.6346702083 0.6278255093 -0.1317991927)
(-0.6209095753 0.6086918076 -0.2600261122)
(-0.5975218918 0.5818278298 -0.3745280418)
(-0.5726008656 0.5538662907 -0.4740173023)
(-0.144005918 0.1423293736 -0.7907831515)
(-0.142565469 0.2834489699 -0.7625989088)
(-0.1384882004 0.4164437105 -0.7214067444)
(-0.1340417377 0.536120046 -0.6742349991)
(-0.2863434003 0.1391058146 -0.7628304136)
(-0.281771681 0.2756251592 -0.7389580051)
(-0.2735715825 0.4037711543 -0.7015279708)
(-0.2641963608 0.518917629 -0.6568231161)
(-0.4192984003 0.1333014289 -0.7215367636)
(-0.4101516779 0.2623818276 -0.6989505296)
(-0.3993917152 0.3869865621 -0.6683238753)
(-0.3870356109 0.4976857261 -0.6303145706)
(-0.5391400499 0.1277329824 -0.674063092)
(-0.5277474617 0.2542497659 -0.6558253772)
(-0.5111081804 0.3720680643 -0.6281426066)
(-0.491654816 0.4749110084 -0.5956186517)
(-0.788522371 0.1413345943 -0.1550974727)
(-0.7628623121 0.2831580103 -0.1435601988)
(-0.7223933252 0.4157599908 -0.137555965)
(-0.6756134633 0.5351270359 -0.1337886131)
(-0.7599774167 0.1373735672 -0.2922802166)
(-0.7385722852 0.2739873411 -0.2799786685)
(-0.7036494927 0.4033719748 -0.2715480524)
(-0.6595371363 0.5184879817 -0.2635308487)
(-0.7203544177 0.1331302797 -0.4229937947)
(-0.7032199161 0.2647034271 -0.4103381088)
(-0.6709564902 0.3868885221 -0.3953632422)
(-0.6332241219 0.4973277843 -0.3837780564)
(-0.6732680428 0.1277796453 -0.5401175687)
(-0.6578556333 0.2543126738 -0.5251392361)
(-0.6321452007 0.3720287308 -0.5065688397)
(-0.6001666661 0.4745769423 -0.4864790496)
(-0.1450363309 0.7906074031 -0.1451029662)
(-0.2874417269 0.7611139344 -0.1423938131)
(-0.4215693206 0.7192014278 -0.1382979615)
(-0.5414164288 0.6701567075 -0.134073597)
(-0.1426181555 0.7608124818 -0.2868955349)
(-0.2809832868 0.7351020517 -0.2804251116)
(-0.4128833902 0.6970241292 -0.2729917661)
(-0.5291199722 0.6494066204 -0.2636605402)
(-0.1381778081 0.7192810916 -0.4197625925)
(-0.2737021795 0.6972881235 -0.4116902762)
(-0.3989495323 0.6614221096 -0.3975112068)
(-0.5119852389 0.6198642593 -0.3848700905)
(-0.1337634738 0.670995682 -0.5391516303)
(-0.2648686271 0.6501856415 -0.5269007251)
(-0.3862925233 0.6204640343 -0.5088380521)
(-0.4920267321 0.5841661062 -0.4874659258)
(-0.1478357719 0.148313811 -0.1499814693)
(-0.1410407018 0.1415771782 -0.3001712879)
(-0.1395119157 0.139526555 -0.4583145402)
(-0.1398033855 0.1390250972 -0.6205128015)
(-0.299806483 0.1436635129 -0.1465685621)
(-0.2885617373 0.1403460767 -0.2933717828)
(-0.2794454306 0.1360292415 -0.4423151199)
(-0.2786922698 0.1360687684 -0.5991353749)
(-0.4567176599 0.1396796322 -0.144836522)
(-0.4406726253 0.1377067245 -0.2874634925)
(-0.4229250702 0.1330806138 -0.428324405)
(-0.4129483163 0.1307115395 -0.5719277573)
(-0.6186579136 0.1388931075 -0.1479038746)
(-0.5954858117 0.1353077499 -0.2856623852)
(-0.5689666443 0.1315641818 -0.4192250451)
(-0.5443622127 0.1280938914 -0.5474663406)
(-0.1438156729 0.3003766604 -0.1447745622)
(-0.1410627703 0.2891044948 -0.2910311527)
(-0.1375118604 0.2798797576 -0.4406763507)
(-0.1383952792 0.2773683614 -0.5981586706)
(-0.2906974996 0.2900533793 -0.1428708559)
(-0.2842223797 0.2827234487 -0.2857568538)
(-0.2767704964 0.2744770838 -0.4310746953)
(-0.2732416208 0.2695574115 -0.5803787728)
(-0.4417961206 0.2809835807 -0.1404985135)
(-0.4301259893 0.2742863293 -0.2790096742)
(-0.4144055005 0.2650044174 -0.4157954988)
(-0.4062464977 0.2612110096 -0.5568529788)
(-0.5964155675 0.2753851699 -0.1390874576)
(-0.5801427506 0.2693515285 -0.2751112734)
(-0.5559598782 0.2603462689 -0.4060107917)
(-0.5335296645 0.2546000671 -0.5332598334)
(-0.1402742923 0.4574402932 -0.1407709043)
(-0.1390804765 0.4407636218 -0.2822213535)
(-0.1345258122 0.4214375659 -0.4234191604)
(-0.1351913727 0.4115522737 -0.5707366055)
(-0.282694573 0.4411719728 -0.1396480234)
(-0.2774728617 0.4284498382 -0.278118305)
(-0.2704820859 0.4119256559 -0.4158946154)
(-0.2668306453 0.4006332678 -0.5562093673)
(-0.4258605324 0.4237182528 -0.1368828002)
(-0.4167816373 0.4122820851 -0.2713620487)
(-0.4036413621 0.3977644424 -0.4029477799)
(-0.3939597201 0.3852801023 -0.5343947906)
(-0.5716595397 0.4113793108 -0.1354555624)
(-0.5580043906 0.4010250072 -0.2671882585)
(-0.5360867769 0.3859405869 -0.3930630724)
(-0.5154470124 0.373022971 -0.5126893063)
(-0.1399907509 0.6197463249 -0.1402469079)
(-0.1370560084 0.5955941494 -0.2778492578)
(-0.135110687 0.5686798037 -0.4142198718)
(-0.1319409828 0.5415313257 -0.5445481838)
(-0.2789836165 0.5963488588 -0.1380226586)
(-0.2743492843 0.578289391 -0.274143616)
(-0.2660592413 0.5518478124 -0.4054802784)
(-0.2622466721 0.5274018259 -0.5327845087)
(-0.4155473404 0.5692237485 -0.1355662729)
(-0.4075881594 0.5531278061 -0.2675608597)
(-0.3951144276 0.5298157914 -0.3940224739)
(-0.3835532803 0.5053677865 -0.5129985603)
(-0.5452836152 0.5408369654 -0.1318220688)
(-0.5344525588 0.5265406864 -0.2612934986)
(-0.5154836735 0.5053223356 -0.3818206874)
(-0.497057223 0.4835812397 -0.4941519483)
(-3.922708241e-17 0.6406255867 0.64064803)
(-8.726945045e-18 0.8014956866 0.1425265354)
(-1.752467843e-17 0.7653654524 0.2862091704)
(-2.593285274e-17 0.7218768727 0.4235296127)
(-3.341576648e-17 0.6750631064 0.5457389042)
(-4.917211907e-17 0.1441469587 0.8030681683)
(-4.687414762e-17 0.2861330622 0.7655382071)
(-4.41533352e-17 0.4221562745 0.7211025006)
(-4.13494817e-17 0.5460334643 0.6753105856)
(-8.497590279e-18 0.6331334636 0.1387807642)
(-1.708091594e-17 0.6014382143 0.2789617395)
(-2.556216192e-17 0.5723253381 0.4174755724)
(-3.359961503e-17 0.5486095293 0.548741478)
(-8.419571993e-18 0.4684145174 0.1375065868)
(-1.71764105e-17 0.4437417017 0.2805213356)
(-2.591869491e-17 0.4229490716 0.4232983902)
(-3.501304882e-17 0.4164436796 0.5718253659)
(-8.497552739e-18 0.3053622419 0.1387801511)
(-1.773763156e-17 0.2895672396 0.2896870738)
(-2.72199385e-17 0.2809255502 0.4445500126)
(-3.669683579e-17 0.276063468 0.5993246022)
(-9.312474326e-18 0.1520618701 0.1520892701)
(-1.877107082e-17 0.140185983 0.3065649752)
(-2.871907576e-17 0.1379271779 0.4690335906)
(-3.88166378e-17 0.1394338613 0.6339447395)
(-0.5509647179 0.5301114997 0.5451596365)
(-0.6326441375 0.124975394 0.6300812)
(-0.6172124612 0.2489258249 0.6141580714)
(-0.5969851818 0.3626647093 0.5923127384)
(-0.5721661094 0.4599762367 0.566610907)
(-0.1320778134 0.6298658461 0.6323127752)
(-0.2613743307 0.6115460717 0.617024093)
(-0.3779790324 0.584321893 0.5930126329)
(-0.4786270025 0.5548798935 0.5667721091)
(-0.6352040812 0.6273414094 0.1315185108)
(-0.6219800382 0.6079061253 0.2595453324)
(-0.5989071318 0.5809625171 0.3739192082)
(-0.5735532223 0.5534334299 0.4733729895)
(-0.1444316106 0.1435301277 0.7912628367)
(-0.1417998439 0.2838609685 0.7618325729)
(-0.1376586054 0.4164481951 0.7210334162)
(-0.1335700016 0.5364318079 0.6738990015)
(-0.2860916978 0.1399371606 0.7620187714)
(-0.2809621035 0.2766267997 0.7382937127)
(-0.272423622 0.4049427045 0.70089479)
(-0.2638903901 0.5200985743 0.6557645517)
(-0.419284063 0.1340659877 0.7197767863)
(-0.4094089348 0.2633818228 0.6980319065)
(-0.3981664048 0.388581784 0.6676072765)
(-0.3866721176 0.4990545112 0.629293254)
(-0.5391090252 0.1282070196 0.6723278825)
(-0.527107798 0.254940264 0.6549331439)
(-0.5102794822 0.3729985975 0.6277405463)
(-0.4914754461 0.4756742727 0.5948542577)
(-0.7911058748 0.1424504222 0.1436902861)
(-0.7635645022 0.2830798228 0.1415389779)
(-0.7229403058 0.415214044 0.1370445976)
(-0.6761750795 0.5345997571 0.1334798242)
(-0.7628833881 0.1386176496 0.285614245)
(-0.7393135403 0.2732286509 0.2782681262)
(-0.7045793389 0.4022566078 0.2710532306)
(-0.6605743711 0.517478748 0.2630823859)
(-0.7219619592 0.1330684921 0.4182201055)
(-0.7028851778 0.2640634074 0.4092009557)
(-0.6716331545 0.3856185698 0.3952594937)
(-0.6341413108 0.496243294 0.3836842593)
(-0.6741293476 0.1283585224 0.5373373756)
(-0.6572085378 0.25443039 0.5243023783)
(-0.6322887538 0.3715514416 0.5066594607)
(-0.6006417831 0.4739450376 0.4864149522)
(-0.1455104023 0.7903856776 0.144501645)
(-0.2882454959 0.7609416239 0.1417714646)
(-0.4222973826 0.718972723 0.1378116834)
(-0.5420042995 0.669850822 0.1337268789)
(-0.1434204001 0.7610310617 0.2861458108)
(-0.2824458199 0.7350665349 0.2790521064)
(-0.4142902747 0.6967205801 0.2718794054)
(-0.530306851 0.6488866712 0.2628129279)
(-0.139079067 0.7197220696 0.4191645836)
(-0.2753893019 0.6975475378 0.4101200591)
(-0.4009293053 0.6613965948 0.3954950738)
(-0.5134410671 0.6196001174 0.3835805401)
(-0.1349909014 0.6717549912 0.5388621506)
(-0.2658751966 0.6506693082 0.5256065781)
(-0.3872659931 0.6201041607 0.5069066675)
(-0.4931381647 0.584241621 0.4859810029)
(-0.1462701572 0.1461095564 0.1458641581)
(-0.1426828421 0.1422650702 0.2993022675)
(-0.1400198332 0.1396506727 0.4569985628)
(-0.1394042644 0.1386164934 0.6191426993)
(-0.1433918733 0.2992165944 0.1427514743)
(-0.141411008 0.2894896313 0.2906707919)
(-0.1384977517 0.2806477396 0.4405963381)
(-0.1383399952 0.2770498524 0.5971522375)
(-0.1403730258 0.4569860756 0.1401285057)
(-0.1395906117 0.4410449538 0.2823135183)
(-0.1363795629 0.4234538714 0.4246873151)
(-0.1351220929 0.4118113946 0.5700779075)
(-0.1402609173 0.6195980896 0.1399331818)
(-0.1374862826 0.5959896862 0.2777443525)
(-0.1355122425 0.569177783 0.4138776777)
(-0.1318077763 0.5416385171 0.5437847416)
(-0.3001713718 0.1433563207 0.1435449055)
(-0.2900151785 0.1404504624 0.2900678996)
(-0.2803529198 0.136317544 0.4395499693)
(-0.2783717212 0.136302849 0.5968721523)
(-0.2908952143 0.2897988393 0.1415695319)
(-0.2850662555 0.2829322124 0.2843626762)
(-0.2773899189 0.2747709938 0.4295204687)
(-0.2731992286 0.270103126 0.5790819006)
(-0.2829722518 0.4410246859 0.1390501846)
(-0.2780248168 0.4286079483 0.2772720592)
(-0.270822109 0.4122910886 0.4149447876)
(-0.2664763426 0.401051089 0.5553809627)
(-0.2794328366 0.5962847699 0.1375577951)
(-0.2750461778 0.57842309 0.2733757304)
(-0.2667388696 0.5521441024 0.4044830337)
(-0.2623620458 0.5278664711 0.5317457501)
(-0.4578516299 0.1396567881 0.1403248128)
(-0.4422196357 0.137648659 0.2817703625)
(-0.4241658956 0.1330566487 0.423277757)
(-0.4133545578 0.131004029 0.5686326008)
(-0.4423823059 0.2810353105 0.138837834)
(-0.4312628134 0.2744307677 0.2767984215)
(-0.4150221562 0.2655486091 0.4138214646)
(-0.4060518743 0.2617682157 0.555284929)
(-0.4262769412 0.4236686111 0.1361366131)
(-0.4174304573 0.4122077113 0.2703016773)
(-0.4041043755 0.3979233673 0.4018000408)
(-0.393827322 0.3859879829 0.5334637005)
(-0.4160400203 0.5691193142 0.1351217491)
(-0.4083953836 0.5529877885 0.2666945337)
(-0.395925448 0.529829309 0.3928557664)
(-0.3836381306 0.5059571118 0.5116939436)
(-0.6205112993 0.1390581458 0.140019197)
(-0.5975896099 0.1347466054 0.2775967471)
(-0.5709372633 0.1314686155 0.4134512089)
(-0.5450485286 0.1282968103 0.5437729261)
(-0.5972406696 0.275868659 0.1368828803)
(-0.5815934136 0.2694231878 0.2725896327)
(-0.5554326009 0.2596231823 0.4030030709)
(-0.5334292374 0.2547777042 0.5314294969)
(-0.5721664265 0.4113524315 0.134698577)
(-0.5588351069 0.4007575956 0.2661526073)
(-0.5365985406 0.385736359 0.3921290126)
(-0.5153530862 0.3732972253 0.5118079903)
(-0.5458462916 0.5405485233 0.1313540053)
(-0.5353257295 0.5261712609 0.2605977198)
(-0.5164246352 0.5050950706 0.3808957104)
(-0.4977608815 0.4841183087 0.4934511471)
(0.6406255867 0.64064803 0)
(0.8014956866 0.1425265354 0)
(0.7653654524 0.2862091704 0)
(0.7218768727 0.4235296127 0)
(0.6750631064 0.5457389042 0)
(0.1441469587 0.8030681683 0)
(0.2861330622 0.7655382071 0)
(0.4221562745 0.7211025006 0)
(0.5460334643 0.6753105856 0)
(0.6331334636 0.1387807642 0)
(0.6014382143 0.2789617395 0)
(0.5723253381 0.4174755724 0)
(0.5486095293 0.548741478 0)
(0.4684145174 0.1375065868 0)
(0.4437417017 0.2805213356 0)
(0.4229490716 0.4232983902 0)
(0.4164436796 0.5718253659 0)
(0.3053622419 0.1387801511 0)
(0.2895672396 0.2896870738 0)
(0.2809255502 0.4445500126 0)
(0.276063468 0.5993246022 0)
(0.1520618701 0.1520892701 0)
(0.140185983 0.3065649752 0)
(0.1379271779 0.4690335906 0)
(0.1394338613 0.6339447395 0)
(0.5505033042 0.5304302074 -0.5451554368)
(0.1319683496 0.6298116122 -0.6321091107)
(0.260011126 0.6097686767 -0.6154902001)
(0.3786180613 0.5843892014 -0.5935299401)
(0.4789098786 0.5547585096 -0.5671925088)
(0.6332770879 0.1263289114 -0.6313214541)
(0.6192080083 0.2502392453 -0.6156815836)
(0.5968294091 0.3622682203 -0.5918023265)
(0.5724217593 0.4596798589 -0.5662711821)
(0.6349203025 0.6276526708 -0.1315107246)
(0.6219100799 0.6079472663 -0.2595955396)
(0.5990649009 0.5806152948 -0.3739719858)
(0.5737378115 0.5531708971 -0.4734628603)
(0.1438551303 0.1427577231 -0.7905223249)
(0.2859712872 0.1398317047 -0.7620502469)
(0.4196756556 0.1343811588 -0.7204815382)
(0.5399466779 0.1288642007 -0.673091378)
(0.1419449065 0.2841120678 -0.7622026968)
(0.281132072 0.2765538873 -0.7384260277)
(0.4110909752 0.2655716132 -0.7004415465)
(0.5270795271 0.254595225 -0.6548807892)
(0.1375153146 0.4165985751 -0.7209663164)
(0.2704622219 0.4033822699 -0.6984755091)
(0.3983946215 0.388464246 -0.6676873845)
(0.5108568025 0.3733602874 -0.6284947828)
(0.1333436841 0.5360894813 -0.6731378772)
(0.2646096127 0.5200943018 -0.6560778294)
(0.386264376 0.4985780362 -0.6285959546)
(0.4921778918 0.4749833676 -0.5950558291)
(0.1450312931 0.7904179204 -0.1440059183)
(0.2880541 0.7612069937 -0.1418974557)
(0.4216840611 0.7187169114 -0.1376542506)
(0.5417716799 0.6701685305 -0.1339097994)
(0.1432581632 0.7610439183 -0.2856778152)
(0.2822446876 0.7349952868 -0.278525343)
(0.4141586106 0.696654483 -0.2717362158)
(0.5306864317 0.6494640475 -0.2635585709)
(0.1388475083 0.7194014558 -0.41850738)
(0.2752069189 0.6971592088 -0.4096324754)
(0.4011780052 0.6614203763 -0.3954648164)
(0.5136675216 0.6194672729 -0.3837716869)
(0.1339290792 0.6707226885 -0.5378761934)
(0.2655475298 0.650991561 -0.5253654147)
(0.3878753975 0.6206682895 -0.5072097682)
(0.4932049605 0.584038387 -0.4865209888)
(0.791262523 0.1429234141 -0.144366066)
(0.7632979957 0.2832827318 -0.1414241386)
(0.7232022456 0.4157656188 -0.1372188695)
(0.6758302475 0.5348113742 -0.1333220215)
(0.7626437801 0.1386999955 -0.2859400797)
(0.7393520542 0.273464327 -0.2787290453)
(0.7046575432 0.4024151261 -0.2712242615)
(0.6599357242 0.5171224215 -0.2624714174)
(0.7220017729 0.1331319477 -0.4186543013)
(0.7031597822 0.2641363651 -0.4096416268)
(0.6717838449 0.3853780045 -0.395360059)
(0.6341849305 0.4960703963 -0.3834715532)
(0.6742004269 0.1285894822 -0.5376544038)
(0.6573381185 0.254500879 -0.5245902446)
(0.6325218569 0.371386148 -0.5065784874)
(0.6009577856 0.4738226276 -0.486026871)
(0.14846215 0.1483800782 -0.1487527268)
(0.1421205956 0.1415783784 -0.2985513414)
(0.1403585659 0.1394973405 -0.4570415066)
(0.1400324409 0.1391878888 -0.6197226793)
(0.1442607657 0.3006171349 -0.1441898361)
(0.1416229375 0.2893393145 -0.2907257692)
(0.1389431802 0.2809033732 -0.4413881406)
(0.1378685153 0.2771953156 -0.5970554566)
(0.1406314046 0.4575611044 -0.1404264155)
(0.1392651596 0.4409578838 -0.2817183232)
(0.1347265566 0.4219297217 -0.4227246515)
(0.1320317187 0.4104243358 -0.5677365646)
(0.14060484 0.6198132705 -0.1400214967)
(0.1371862389 0.5956427394 -0.2769508224)
(0.1353434533 0.5687675548 -0.4133584506)
(0.1324879857 0.5424281586 -0.5441212507)
(0.3006753455 0.1435624698 -0.1440941757)
(0.2901011635 0.1406095381 -0.2907728228)
(0.2819903175 0.1374975463 -0.441571395)
(0.2788620438 0.1366865109 -0.5972946964)
(0.2911238427 0.2901479451 -0.1418409391)
(0.2847564033 0.2829114496 -0.2842460383)
(0.2773913033 0.2746145038 -0.4296063842)
(0.2733418095 0.2700229213 -0.5792773175)
(0.2828893481 0.4410225663 -0.1388937023)
(0.2776080741 0.4284144078 -0.2767639826)
(0.2697337498 0.4115587757 -0.4138999481)
(0.2667497298 0.401324692 -0.5552555646)
(0.2787648589 0.5954148802 -0.1369929468)
(0.2746540383 0.5779657527 -0.2725859717)
(0.2661105075 0.5507194887 -0.4030679256)
(0.2626330599 0.5276088747 -0.5319482848)
(0.4579614422 0.1395469639 -0.1403667212)
(0.4420499214 0.1376749764 -0.2818242924)
(0.4231871521 0.1325480493 -0.4227882417)
(0.4137857264 0.1323166353 -0.5699933432)
(0.4426810199 0.2812306416 -0.1391466082)
(0.4313581463 0.2747634788 -0.2773340033)
(0.4162420607 0.2666470333 -0.4151847263)
(0.4059493144 0.2613804407 -0.5551655526)
(0.4262407555 0.4237532285 -0.1361396372)
(0.4169352454 0.412646546 -0.2702899342)
(0.4041867156 0.3977971587 -0.401814739)
(0.3936507265 0.3863633231 -0.5335240944)
(0.4153057151 0.5688732315 -0.1348390578)
(0.4080909612 0.552721015 -0.2663314413)
(0.3953226036 0.5285692548 -0.3922970666)
(0.3844476922 0.5058921394 -0.5121898235)
(0.6204020532 0.1386961208 -0.1398711542)
(0.5973399153 0.1347323801 -0.2776545672)
(0.5710597628 0.1319318233 -0.4137288204)
(0.5443592567 0.1280304579 -0.5436663599)
(0.59817684 0.2765111076 -0.1374143675)
(0.5820327738 0.2700391406 -0.2733779829)
(0.556341448 0.2601995664 -0.4042380506)
(0.5337818485 0.2546283136 -0.5313062669)
(0.5723994457 0.411897514 -0.1348749189)
(0.5586333162 0.4004115329 -0.2661614763)
(0.537829965 0.3860983048 -0.3924680498)
(0.5155417356 0.3728485389 -0.5115194955)
(0.5452901173 0.5410394157 -0.1313581945)
(0.5351595473 0.5263192132 -0.2606324989)
(0.5169842703 0.504477858 -0.3809529333)
(0.497495952 0.4837472586 -0.4933402088)
(0.5301195268 0.5509592293 0.5451568942)
(0.1249768548 0.6326487981 0.6300768216)
(0.2489381851 0.6172068604 0.6141565944)
(0.3626765666 0.5969800138 0.592309245)
(0.4599874342 0.5721591386 0.5666074226)
(0.6299049442 0.1320771978 0.6322746311)
(0.6115760557 0.2613725768 0.6169970912)
(0.5843395768 0.3779760835 0.5929969676)
(0.5548937624 0.4786212818 0.5667623884)
(0.6273471722 0.6351949487 0.131514388)
(0.6079097931 0.6219755652 0.2595400396)
(0.5809629189 0.5989091802 0.3739092058)
(0.5534400382 0.5735490484 0.4733659241)
(0.1427382501 0.1438727229 0.7905232322)
(0.284116629 0.1419618174 0.7622292602)
(0.4167587867 0.1376611976 0.721099631)
(0.5365092034 0.1335737499 0.67382085)
(0.1397964302 0.2858561057 0.7618619228)
(0.2766601253 0.2809879787 0.738383703)
(0.4050299857 0.2724211605 0.7008734892)
(0.5201402115 0.2638885166 0.6557374171)
(0.1340659979 0.4192701633 0.7197686877)
(0.263406286 0.4094110756 0.6980342205)
(0.388611369 0.3981593375 0.6675963496)
(0.4990770654 0.3866682901 0.6292769413)
(0.1282189244 0.5391071314 0.6723293984)
(0.2549640135 0.5270992002 0.6549355648)
(0.3730167902 0.5102736676 0.6277316208)
(0.4756902291 0.4914698489 0.5948451892)
(0.1424494969 0.79110732 0.1436885265)
(0.2830786678 0.7635667211 0.1415378157)
(0.415214485 0.7229428292 0.1370431657)
(0.534602074 0.6761730196 0.133477163)
(0.1386187154 0.7628786464 0.2856110062)
(0.273230056 0.7393097139 0.278267001)
(0.402260044 0.7045773794 0.2710485552)
(0.5174815361 0.6605734412 0.2630764348)
(0.1330698544 0.7219770051 0.4182202531)
(0.2640655479 0.7028907841 0.4091977116)
(0.3856219574 0.6716361775 0.3952517298)
(0.4962454964 0.6341425623 0.3836781659)
(0.1283607717 0.6741328465 0.5373324438)
(0.2544370794 0.6572055436 0.5243005884)
(0.3715590422 0.6322820004 0.5066579556)
(0.473952285 0.6006363698 0.4864089708)
(0.7906083665 0.1454966302 0.1446786415)
(0.7609751405 0.2882365524 0.1417756419)
(0.718985802 0.4222897962 0.1378093046)
(0.669858091 0.5419990085 0.1337225943)
(0.7609635175 0.1434171535 0.2860338916)
(0.7350634689 0.2824455728 0.2790087167)
(0.6967205098 0.4142921441 0.2718603835)
(0.6488860633 0.530309083 0.2627994082)
(0.7196304491 0.1390847428 0.4188881168)
(0.6975482532 0.2753988758 0.4100460592)
(0.6614003397 0.4009307646 0.3954702374)
(0.6196065292 0.513439192 0.3835695506)
(0.6718433183 0.1349905641 0.5388172038)
(0.6507052367 0.2658733887 0.5255676939)
(0.6201187557 0.3872621232 0.5068880348)
(0.584251134 0.493133038 0.4859677419)
(0.148351147 0.148490812 0.1487506229)
(0.1415815363 0.1421122917 0.2985485751)
(0.1394359834 0.140087832 0.4569621529)
(0.1391773159 0.1399486992 0.6196969607)
(0.3004045398 0.1441100966 0.1442380841)
(0.2893405129 0.1416737958 0.2908111752)
(0.2810127777 0.1389587252 0.441524672)
(0.2776407471 0.1383347786 0.5974259625)
(0.4574680983 0.1404859026 0.1404585615)
(0.4409554093 0.1394276462 0.2818347466)
(0.4220490438 0.1350116237 0.4228967393)
(0.4120033962 0.1351374217 0.5702494219)
(0.6197624941 0.1402468033 0.1399360064)
(0.5956856112 0.1374838284 0.2772712377)
(0.5690489532 0.1355134028 0.413559778)
(0.5418460801 0.1318199439 0.5436549435)
(0.1437117618 0.3008847355 0.1439968024)
(0.1406101297 0.290249834 0.2907482806)
(0.1376337962 0.2823478875 0.4415219843)
(0.1364149689 0.278611557 0.5968722688)
(0.290093148 0.2911883823 0.1418093377)
(0.2828058938 0.2848257639 0.2841724842)
(0.2746464378 0.2771499475 0.4294725097)
(0.2701675589 0.2733210517 0.5792519694)
(0.4411880674 0.2830448246 0.1391284859)
(0.4285530718 0.2779969763 0.2772301807)
(0.4123861 0.2709583559 0.4149557351)
(0.4012255775 0.266499977 0.5553084258)
(0.5963164518 0.2794250736 0.1375264664)
(0.5783647159 0.2750594591 0.2732671672)
(0.5521694043 0.2667659221 0.404380055)
(0.5279581559 0.2623651058 0.531663202)
(0.1397180656 0.4580916109 0.1403848629)
(0.1376841611 0.4423364616 0.2818849945)
(0.1330472656 0.4241705523 0.4232185767)
(0.1310001248 0.4132540727 0.5686275867)
(0.2811006044 0.4425097156 0.1388753132)
(0.2744177905 0.4312122738 0.2767597562)
(0.2655996219 0.4152848863 0.4138391749)
(0.2618190963 0.406113202 0.555279148)
(0.4237130497 0.4263220848 0.1361470058)
(0.4122067929 0.4174456398 0.2702717216)
(0.3979469364 0.4041441986 0.4017614324)
(0.3860288138 0.3938258937 0.5334271448)
(0.5691276282 0.4160391518 0.1351062383)
(0.5529819916 0.4084043172 0.2666602877)
(0.5298433041 0.3959405265 0.3928144327)
(0.5059817478 0.3836346923 0.5116639826)
(0.1390558224 0.6205102489 0.140018221)
(0.1347459664 0.5975763856 0.2775864272)
(0.1314669538 0.5709286288 0.413436804)
(0.1282971782 0.5450267983 0.5437769438)
(0.275864996 0.5972406333 0.1368768348)
(0.2694272789 0.5815948311 0.272580567)
(0.2596286672 0.5554374685 0.4029917226)
(0.2547876828 0.5334238061 0.5314186053)
(0.4113570387 0.5721644297 0.134693057)
(0.4007577795 0.5588387843 0.2661389677)
(0.3857443985 0.5365977567 0.3921104007)
(0.3733133182 0.5153527501 0.5117906247)
(0.5405595469 0.5458369346 0.1313505185)
(0.526171853 0.5353257147 0.2605821839)
(0.5051002271 0.5164252292 0.3808763052)
(0.4841315838 0.4977552872 0.4934387536)
)

// ************************************************************************* //
