/*--------------------------------*- C++ -*----------------------------------*\
| =========                 |                                                 |
| \\      /  F ield         | OpenFOAM: The Open Source CFD Toolbox           |
|  \\    /   O peration     | Version:  1.5                                   |
|   \\  /    A nd           | Web:      http://www.OpenFOAM.org               |
|    \\/     M anipulation  |                                                 |
\*---------------------------------------------------------------------------*/
FoamFile
{
    version     2.0;
    format      ascii;
    class       topoSet;
    object      rotor_old;
}
// * * * * * * * * * * * * * * * * * * * * * * * * * * * * * * * * * * * * * //

6288
(
0 
1 
2 
3 
4 
5 
6 
7 
8 
9 
10 
11 
12 
13 
14 
15 
16 
17 
18 
19 
20 
21 
22 
23 
24 
25 
26 
27 
28 
29 
30 
31 
32 
33 
34 
35 
36 
37 
38 
39 
40 
41 
42 
43 
44 
45 
46 
47 
48 
49 
50 
51 
52 
53 
54 
55 
56 
57 
58 
59 
60 
61 
62 
63 
64 
65 
66 
67 
68 
69 
70 
71 
72 
73 
74 
75 
76 
77 
78 
79 
80 
81 
82 
83 
84 
85 
86 
87 
88 
89 
90 
91 
92 
93 
94 
95 
96 
97 
98 
99 
100 
101 
102 
103 
104 
105 
106 
107 
108 
109 
110 
111 
112 
113 
114 
115 
116 
117 
118 
119 
120 
121 
122 
123 
124 
125 
126 
127 
128 
129 
130 
131 
132 
133 
134 
135 
136 
137 
138 
139 
140 
141 
142 
143 
144 
145 
146 
147 
148 
149 
150 
151 
152 
153 
154 
155 
156 
157 
158 
159 
160 
161 
162 
163 
164 
165 
166 
167 
168 
169 
170 
171 
172 
173 
174 
175 
176 
177 
178 
179 
180 
181 
182 
183 
184 
185 
186 
187 
188 
189 
190 
191 
192 
193 
194 
195 
196 
197 
198 
199 
200 
201 
202 
203 
204 
205 
206 
207 
208 
209 
210 
211 
212 
213 
214 
215 
216 
217 
218 
219 
220 
221 
222 
223 
224 
225 
226 
227 
228 
229 
230 
231 
232 
233 
234 
235 
236 
237 
238 
239 
240 
241 
242 
243 
244 
245 
246 
247 
248 
249 
250 
251 
252 
253 
254 
255 
256 
257 
258 
259 
260 
261 
262 
263 
264 
265 
266 
267 
268 
269 
270 
271 
272 
273 
274 
275 
276 
277 
278 
279 
280 
281 
282 
283 
284 
285 
286 
287 
288 
289 
290 
291 
292 
293 
294 
295 
296 
297 
298 
299 
300 
301 
302 
303 
304 
305 
306 
307 
308 
309 
310 
311 
312 
313 
314 
315 
316 
317 
318 
319 
320 
321 
322 
323 
324 
325 
326 
327 
328 
329 
330 
331 
332 
333 
334 
335 
336 
337 
338 
339 
340 
341 
342 
343 
344 
345 
346 
347 
348 
349 
350 
351 
352 
353 
354 
355 
356 
357 
358 
359 
360 
361 
362 
363 
364 
365 
366 
367 
368 
369 
370 
371 
372 
373 
374 
375 
376 
377 
378 
379 
380 
381 
382 
383 
384 
385 
386 
387 
388 
389 
390 
391 
392 
393 
394 
395 
396 
397 
398 
399 
400 
401 
402 
403 
404 
405 
406 
407 
408 
409 
410 
411 
412 
413 
414 
415 
416 
417 
418 
419 
420 
421 
422 
423 
424 
425 
426 
427 
428 
429 
430 
431 
432 
433 
434 
435 
436 
437 
438 
439 
440 
441 
442 
443 
444 
445 
446 
447 
448 
449 
450 
451 
452 
453 
454 
455 
456 
457 
458 
459 
460 
461 
462 
463 
464 
465 
466 
467 
468 
469 
470 
471 
472 
473 
474 
475 
476 
477 
478 
479 
480 
481 
482 
483 
484 
485 
486 
487 
488 
489 
490 
491 
492 
493 
494 
495 
496 
497 
498 
499 
500 
501 
502 
503 
504 
505 
506 
507 
508 
509 
510 
511 
512 
513 
514 
515 
516 
517 
518 
519 
520 
521 
522 
523 
524 
525 
526 
527 
528 
529 
530 
531 
532 
533 
534 
535 
536 
537 
538 
539 
540 
541 
542 
543 
544 
545 
546 
547 
548 
549 
550 
551 
552 
553 
554 
555 
556 
557 
558 
559 
560 
561 
562 
563 
564 
565 
566 
567 
568 
569 
570 
571 
572 
573 
574 
575 
576 
577 
578 
579 
580 
581 
582 
583 
584 
585 
586 
587 
588 
589 
590 
591 
592 
593 
594 
595 
596 
597 
598 
599 
600 
601 
602 
603 
604 
605 
606 
607 
608 
609 
610 
611 
612 
613 
614 
615 
616 
617 
618 
619 
620 
621 
622 
623 
624 
625 
626 
627 
628 
629 
630 
631 
632 
633 
634 
635 
636 
637 
638 
639 
640 
641 
642 
643 
644 
645 
646 
647 
648 
649 
650 
651 
652 
653 
654 
655 
656 
657 
658 
659 
660 
661 
662 
663 
664 
665 
666 
667 
668 
669 
670 
671 
672 
673 
674 
675 
676 
677 
678 
679 
680 
681 
682 
683 
684 
685 
686 
687 
688 
689 
690 
691 
692 
693 
694 
695 
696 
697 
698 
699 
700 
701 
702 
703 
704 
705 
706 
707 
708 
709 
710 
711 
712 
713 
714 
715 
716 
717 
718 
719 
720 
721 
722 
723 
724 
725 
726 
727 
728 
729 
730 
731 
732 
733 
734 
735 
736 
737 
738 
739 
740 
741 
742 
743 
744 
745 
746 
747 
748 
749 
750 
751 
752 
753 
754 
755 
756 
757 
758 
759 
760 
761 
762 
763 
764 
765 
766 
767 
768 
769 
770 
771 
772 
773 
774 
775 
776 
777 
778 
779 
780 
781 
782 
783 
784 
785 
786 
787 
788 
789 
790 
791 
792 
793 
794 
795 
796 
797 
798 
799 
800 
801 
802 
803 
804 
805 
806 
807 
808 
809 
810 
811 
812 
813 
814 
815 
816 
817 
818 
819 
820 
821 
822 
823 
824 
825 
826 
827 
828 
829 
830 
831 
832 
833 
834 
835 
836 
837 
838 
839 
840 
841 
842 
843 
844 
845 
846 
847 
848 
849 
850 
851 
852 
853 
854 
855 
856 
857 
858 
859 
860 
861 
862 
863 
864 
865 
866 
867 
868 
869 
870 
871 
872 
873 
874 
875 
876 
877 
878 
879 
880 
881 
882 
883 
884 
885 
886 
887 
888 
889 
890 
891 
892 
893 
894 
895 
896 
897 
898 
899 
900 
901 
902 
903 
904 
905 
906 
907 
908 
909 
910 
911 
912 
913 
914 
915 
916 
917 
918 
919 
920 
921 
922 
923 
924 
925 
926 
927 
928 
929 
930 
931 
932 
933 
934 
935 
936 
937 
938 
939 
940 
941 
942 
943 
944 
945 
946 
947 
948 
949 
950 
951 
952 
953 
954 
955 
956 
957 
958 
959 
960 
961 
962 
963 
964 
965 
966 
967 
968 
969 
970 
971 
972 
973 
974 
975 
976 
977 
978 
979 
980 
981 
982 
983 
984 
985 
986 
987 
988 
989 
990 
991 
992 
993 
994 
995 
996 
997 
998 
999 
1000 
1001 
1002 
1003 
1004 
1005 
1006 
1007 
1008 
1009 
1010 
1011 
1012 
1013 
1014 
1015 
1016 
1017 
1018 
1019 
1020 
1021 
1022 
1023 
1024 
1025 
1026 
1027 
1028 
1029 
1030 
1031 
1032 
1033 
1034 
1035 
1036 
1037 
1038 
1039 
1040 
1041 
1042 
1043 
1044 
1045 
1046 
1047 
1048 
1049 
1050 
1051 
1052 
1053 
1054 
1055 
1056 
1057 
1058 
1059 
1060 
1061 
1062 
1063 
1064 
1065 
1066 
1067 
1068 
1069 
1070 
1071 
1072 
1073 
1074 
1075 
1076 
1077 
1078 
1079 
1080 
1081 
1082 
1083 
1084 
1085 
1086 
1087 
1088 
1089 
1090 
1091 
1092 
1093 
1094 
1095 
1096 
1097 
1098 
1099 
1100 
1101 
1102 
1103 
1104 
1105 
1106 
1107 
1108 
1109 
1110 
1111 
1112 
1113 
1114 
1115 
1116 
1117 
1118 
1119 
1120 
1121 
1122 
1123 
1124 
1125 
1126 
1127 
1128 
1129 
1130 
1131 
1132 
1133 
1134 
1135 
1136 
1137 
1138 
1139 
1140 
1141 
1142 
1143 
1144 
1145 
1146 
1147 
1148 
1149 
1150 
1151 
1152 
1153 
1154 
1155 
1156 
1157 
1158 
1159 
1160 
1161 
1162 
1163 
1164 
1165 
1166 
1167 
1168 
1169 
1170 
1171 
1172 
1173 
1174 
1175 
1176 
1177 
1178 
1179 
1180 
1181 
1182 
1183 
1184 
1185 
1186 
1187 
1188 
1189 
1190 
1191 
1192 
1193 
1194 
1195 
1196 
1197 
1198 
1199 
1200 
1201 
1202 
1203 
1204 
1205 
1206 
1207 
1208 
1209 
1210 
1211 
1212 
1213 
1214 
1215 
1216 
1217 
1218 
1219 
1220 
1221 
1222 
1223 
1224 
1225 
1226 
1227 
1228 
1229 
1230 
1231 
1232 
1233 
1234 
1235 
1236 
1237 
1238 
1239 
1240 
1241 
1242 
1243 
1244 
1245 
1246 
1247 
1248 
1249 
1250 
1251 
1252 
1253 
1254 
1255 
1256 
1257 
1258 
1259 
1260 
1261 
1262 
1263 
1264 
1265 
1266 
1267 
1268 
1269 
1270 
1271 
1272 
1273 
1274 
1275 
1276 
1277 
1278 
1279 
1280 
1281 
1282 
1283 
1284 
1285 
1286 
1287 
1288 
1289 
1290 
1291 
1292 
1293 
1294 
1295 
1296 
1297 
1298 
1299 
1300 
1301 
1302 
1303 
1304 
1305 
1306 
1307 
1308 
1309 
1310 
1311 
1312 
1313 
1314 
1315 
1316 
1317 
1318 
1319 
1320 
1321 
1322 
1323 
1324 
1325 
1326 
1327 
1328 
1329 
1330 
1331 
1332 
1333 
1334 
1335 
1336 
1337 
1338 
1339 
1340 
1341 
1342 
1343 
1344 
1345 
1346 
1347 
1348 
1349 
1350 
1351 
1352 
1353 
1354 
1355 
1356 
1357 
1358 
1359 
1360 
1361 
1362 
1363 
1364 
1365 
1366 
1367 
1368 
1369 
1370 
1371 
1372 
1373 
1374 
1375 
1376 
1377 
1378 
1379 
1380 
1381 
1382 
1383 
1384 
1385 
1386 
1387 
1388 
1389 
1390 
1391 
1392 
1393 
1394 
1395 
1396 
1397 
1398 
1399 
1400 
1401 
1402 
1403 
1404 
1405 
1406 
1407 
1408 
1409 
1410 
1411 
1412 
1413 
1414 
1415 
1416 
1417 
1418 
1419 
1420 
1421 
1422 
1423 
1424 
1425 
1426 
1427 
1428 
1429 
1430 
1431 
1432 
1433 
1434 
1435 
1436 
1437 
1438 
1439 
1440 
1441 
1442 
1443 
1444 
1445 
1446 
1447 
1448 
1449 
1450 
1451 
1452 
1453 
1454 
1455 
1456 
1457 
1458 
1459 
1460 
1461 
1462 
1463 
1464 
1465 
1466 
1467 
1468 
1469 
1470 
1471 
1472 
1473 
1474 
1475 
1476 
1477 
1478 
1479 
1480 
1481 
1482 
1483 
1484 
1485 
1486 
1487 
1488 
1489 
1490 
1491 
1492 
1493 
1494 
1495 
1496 
1497 
1498 
1499 
1500 
1501 
1502 
1503 
1504 
1505 
1506 
1507 
1508 
1509 
1510 
1511 
1512 
1513 
1514 
1515 
1516 
1517 
1518 
1519 
1520 
1521 
1522 
1523 
1524 
1525 
1526 
1527 
1528 
1529 
1530 
1531 
1532 
1533 
1534 
1535 
1536 
1537 
1538 
1539 
1540 
1541 
1542 
1543 
1544 
1545 
1546 
1547 
1548 
1549 
1550 
1551 
1552 
1553 
1554 
1555 
1556 
1557 
1558 
1559 
1560 
1561 
1562 
1563 
1564 
1565 
1566 
1567 
1568 
1569 
1570 
1571 
1572 
1573 
1574 
1575 
1576 
1577 
1578 
1579 
1580 
1581 
1582 
1583 
1584 
1585 
1586 
1587 
1588 
1589 
1590 
1591 
1592 
1593 
1594 
1595 
1596 
1597 
1598 
1599 
1600 
1601 
1602 
1603 
1604 
1605 
1606 
1607 
1608 
1609 
1610 
1611 
1612 
1613 
1614 
1615 
1616 
1617 
1618 
1619 
1620 
1621 
1622 
1623 
1624 
1625 
1626 
1627 
1628 
1629 
1630 
1631 
1632 
1633 
1634 
1635 
1636 
1637 
1638 
1639 
1640 
1641 
1642 
1643 
1644 
1645 
1646 
1647 
1648 
1649 
1650 
1651 
1652 
1653 
1654 
1655 
1656 
1657 
1658 
1659 
1660 
1661 
1662 
1663 
1664 
1665 
1666 
1667 
1668 
1669 
1670 
1671 
1672 
1673 
1674 
1675 
1676 
1677 
1678 
1679 
1680 
1681 
1682 
1683 
1684 
1685 
1686 
1687 
1688 
1689 
1690 
1691 
1692 
1693 
1694 
1695 
1696 
1697 
1698 
1699 
1700 
1701 
1702 
1703 
1704 
1705 
1706 
1707 
1708 
1709 
1710 
1711 
1712 
1713 
1714 
1715 
1716 
1717 
1718 
1719 
1720 
1721 
1722 
1723 
1724 
1725 
1726 
1727 
1728 
1729 
1730 
1731 
1732 
1733 
1734 
1735 
1736 
1737 
1738 
1739 
1740 
1741 
1742 
1743 
1744 
1745 
1746 
1747 
1748 
1749 
1750 
1751 
1752 
1753 
1754 
1755 
1756 
1757 
1758 
1759 
1760 
1761 
1762 
1763 
1764 
1765 
1766 
1767 
1768 
1769 
1770 
1771 
1772 
1773 
1774 
1775 
1776 
1777 
1778 
1779 
1780 
1781 
1782 
1783 
1784 
1785 
1786 
1787 
1788 
1789 
1790 
1791 
1792 
1793 
1794 
1795 
1796 
1797 
1798 
1799 
1800 
1801 
1802 
1803 
1804 
1805 
1806 
1807 
1808 
1809 
1810 
1811 
1812 
1813 
1814 
1815 
1816 
1817 
1818 
1819 
1820 
1821 
1822 
1823 
1824 
1825 
1826 
1827 
1828 
1829 
1830 
1831 
1832 
1833 
1834 
1835 
1836 
1837 
1838 
1839 
1840 
1841 
1842 
1843 
1844 
1845 
1846 
1847 
1848 
1849 
1850 
1851 
1852 
1853 
1854 
1855 
1856 
1857 
1858 
1859 
1860 
1861 
1862 
1863 
1864 
1865 
1866 
1867 
1868 
1869 
1870 
1871 
1872 
1873 
1874 
1875 
1876 
1877 
1878 
1879 
1880 
1881 
1882 
1883 
1884 
1885 
1886 
1887 
1888 
1889 
1890 
1891 
1892 
1893 
1894 
1895 
1896 
1897 
1898 
1899 
1900 
1901 
1902 
1903 
1904 
1905 
1906 
1907 
1908 
1909 
1910 
1911 
1912 
1913 
1914 
1915 
1916 
1917 
1918 
1919 
1920 
1921 
1922 
1923 
1924 
1925 
1926 
1927 
1928 
1929 
1930 
1931 
1932 
1933 
1934 
1935 
1936 
1937 
1938 
1939 
1940 
1941 
1942 
1943 
1944 
1945 
1946 
1947 
1948 
1949 
1950 
1951 
1952 
1953 
1954 
1955 
1956 
1957 
1958 
1959 
1960 
1961 
1962 
1963 
1964 
1965 
1966 
1967 
1968 
1969 
1970 
1971 
1972 
1973 
1974 
1975 
1976 
1977 
1978 
1979 
1980 
1981 
1982 
1983 
1984 
1985 
1986 
1987 
1988 
1989 
1990 
1991 
1992 
1993 
1994 
1995 
1996 
1997 
1998 
1999 
2000 
2001 
2002 
2003 
2004 
2005 
2006 
2007 
2008 
2009 
2010 
2011 
2012 
2013 
2014 
2015 
2016 
2017 
2018 
2019 
2020 
2021 
2022 
2023 
2024 
2025 
2026 
2027 
2028 
2029 
2030 
2031 
2032 
2033 
2034 
2035 
2036 
2037 
2038 
2039 
2040 
2041 
2042 
2043 
2044 
2045 
2046 
2047 
2048 
2049 
2050 
2051 
2052 
2053 
2054 
2055 
2056 
2057 
2058 
2059 
2060 
2061 
2062 
2063 
2064 
2065 
2066 
2067 
2068 
2069 
2070 
2071 
2072 
2073 
2074 
2075 
2076 
2077 
2078 
2079 
2080 
2081 
2082 
2083 
2084 
2085 
2086 
2087 
2088 
2089 
2090 
2091 
2092 
2093 
2094 
2095 
2096 
2097 
2098 
2099 
2100 
2101 
2102 
2103 
2104 
2105 
2106 
2107 
2108 
2109 
2110 
2111 
2112 
2113 
2114 
2115 
2116 
2117 
2118 
2119 
2120 
2121 
2122 
2123 
2124 
2125 
2126 
2127 
2128 
2129 
2130 
2131 
2132 
2133 
2134 
2135 
2136 
2137 
2138 
2139 
2140 
2141 
2142 
2143 
2144 
2145 
2146 
2147 
2148 
2149 
2150 
2151 
2152 
2153 
2154 
2155 
2156 
2157 
2158 
2159 
2160 
2161 
2162 
2163 
2164 
2165 
2166 
2167 
2168 
2169 
2170 
2171 
2172 
2173 
2174 
2175 
2176 
2177 
2178 
2179 
2180 
2181 
2182 
2183 
2184 
2185 
2186 
2187 
2188 
2189 
2190 
2191 
2192 
2193 
2194 
2195 
2196 
2197 
2198 
2199 
2200 
2201 
2202 
2203 
2204 
2205 
2206 
2207 
2208 
2209 
2210 
2211 
2212 
2213 
2214 
2215 
2216 
2217 
2218 
2219 
2220 
2221 
2222 
2223 
2224 
2225 
2226 
2227 
2228 
2229 
2230 
2231 
2232 
2233 
2234 
2235 
2236 
2237 
2238 
2239 
2240 
2241 
2242 
2243 
2244 
2245 
2246 
2247 
2248 
2249 
2250 
2251 
2252 
2253 
2254 
2255 
2256 
2257 
2258 
2259 
2260 
2261 
2262 
2263 
2264 
2265 
2266 
2267 
2268 
2269 
2270 
2271 
2272 
2273 
2274 
2275 
2276 
2277 
2278 
2279 
2280 
2281 
2282 
2283 
2284 
2285 
2286 
2287 
2288 
2289 
2290 
2291 
2292 
2293 
2294 
2295 
2296 
2297 
2298 
2299 
2300 
2301 
2302 
2303 
2304 
2305 
2306 
2307 
2308 
2309 
2310 
2311 
2312 
2313 
2314 
2315 
2316 
2317 
2318 
2319 
2320 
2321 
2322 
2323 
2324 
2325 
2326 
2327 
2328 
2329 
2330 
2331 
2332 
2333 
2334 
2335 
2336 
2337 
2338 
2339 
2340 
2341 
2342 
2343 
2344 
2345 
2346 
2347 
2348 
2349 
2350 
2351 
2352 
2353 
2354 
2355 
2356 
2357 
2358 
2359 
2360 
2361 
2362 
2363 
2364 
2365 
2366 
2367 
2368 
2369 
2370 
2371 
2372 
2373 
2374 
2375 
2376 
2377 
2378 
2379 
2380 
2381 
2382 
2383 
2384 
2385 
2386 
2387 
2388 
2389 
2390 
2391 
2392 
2393 
2394 
2395 
2396 
2397 
2398 
2399 
2400 
2401 
2402 
2403 
2404 
2405 
2406 
2407 
2408 
2409 
2410 
2411 
2412 
2413 
2414 
2415 
2416 
2417 
2418 
2419 
2420 
2421 
2422 
2423 
2424 
2425 
2426 
2427 
2428 
2429 
2430 
2431 
2432 
2433 
2434 
2435 
2436 
2437 
2438 
2439 
2440 
2441 
2442 
2443 
2444 
2445 
2446 
2447 
2448 
2449 
2450 
2451 
2452 
2453 
2454 
2455 
2456 
2457 
2458 
2459 
2460 
2461 
2462 
2463 
2464 
2465 
2466 
2467 
2468 
2469 
2470 
2471 
2472 
2473 
2474 
2475 
2476 
2477 
2478 
2479 
2480 
2481 
2482 
2483 
2484 
2485 
2486 
2487 
2488 
2489 
2490 
2491 
2492 
2493 
2494 
2495 
2496 
2497 
2498 
2499 
2500 
2501 
2502 
2503 
2504 
2505 
2506 
2507 
2508 
2509 
2510 
2511 
2512 
2513 
2514 
2515 
2516 
2517 
2518 
2519 
2520 
2521 
2522 
2523 
2524 
2525 
2526 
2527 
2528 
2529 
2530 
2531 
2532 
2533 
2534 
2535 
2536 
2537 
2538 
2539 
2540 
2541 
2542 
2543 
2544 
2545 
2546 
2547 
2548 
2549 
2550 
2551 
2552 
2553 
2554 
2555 
2556 
2557 
2558 
2559 
2560 
2561 
2562 
2563 
2564 
2565 
2566 
2567 
2568 
2569 
2570 
2571 
2572 
2573 
2574 
2575 
2576 
2577 
2578 
2579 
2580 
2581 
2582 
2583 
2584 
2585 
2586 
2587 
2588 
2589 
2590 
2591 
2592 
2593 
2594 
2595 
2596 
2597 
2598 
2599 
2600 
2601 
2602 
2603 
2604 
2605 
2606 
2607 
2608 
2609 
2610 
2611 
2612 
2613 
2614 
2615 
2616 
2617 
2618 
2619 
2620 
2621 
2622 
2623 
2624 
2625 
2626 
2627 
2628 
2629 
2630 
2631 
2632 
2633 
2634 
2635 
2636 
2637 
2638 
2639 
2640 
2641 
2642 
2643 
2644 
2645 
2646 
2647 
2648 
2649 
2650 
2651 
2652 
2653 
2654 
2655 
2656 
2657 
2658 
2659 
2660 
2661 
2662 
2663 
2664 
2665 
2666 
2667 
2668 
2669 
2670 
2671 
2672 
2673 
2674 
2675 
2676 
2677 
2678 
2679 
2680 
2681 
2682 
2683 
2684 
2685 
2686 
2687 
2688 
2689 
2690 
2691 
2692 
2693 
2694 
2695 
2696 
2697 
2698 
2699 
2700 
2701 
2702 
2703 
2704 
2705 
2706 
2707 
2708 
2709 
2710 
2711 
2712 
2713 
2714 
2715 
2716 
2717 
2718 
2719 
2720 
2721 
2722 
2723 
2724 
2725 
2726 
2727 
2728 
2729 
2730 
2731 
2732 
2733 
2734 
2735 
2736 
2737 
2738 
2739 
2740 
2741 
2742 
2743 
2744 
2745 
2746 
2747 
2748 
2749 
2750 
2751 
2752 
2753 
2754 
2755 
2756 
2757 
2758 
2759 
2760 
2761 
2762 
2763 
2764 
2765 
2766 
2767 
2768 
2769 
2770 
2771 
2772 
2773 
2774 
2775 
2776 
2777 
2778 
2779 
2780 
2781 
2782 
2783 
2784 
2785 
2786 
2787 
2788 
2789 
2790 
2791 
2792 
2793 
2794 
2795 
2796 
2797 
2798 
2799 
2800 
2801 
2802 
2803 
2804 
2805 
2806 
2807 
2808 
2809 
2810 
2811 
2812 
2813 
2814 
2815 
2816 
2817 
2818 
2819 
2820 
2821 
2822 
2823 
2824 
2825 
2826 
2827 
2828 
2829 
2830 
2831 
2832 
2833 
2834 
2835 
2836 
2837 
2838 
2839 
2840 
2841 
2842 
2843 
2844 
2845 
2846 
2847 
2848 
2849 
2850 
2851 
2852 
2853 
2854 
2855 
2856 
2857 
2858 
2859 
2860 
2861 
2862 
2863 
2864 
2865 
2866 
2867 
2868 
2869 
2870 
2871 
2872 
2873 
2874 
2875 
2876 
2877 
2878 
2879 
2880 
2881 
2882 
2883 
2884 
2885 
2886 
2887 
2888 
2889 
2890 
2891 
2892 
2893 
2894 
2895 
2896 
2897 
2898 
2899 
2900 
2901 
2902 
2903 
2904 
2905 
2906 
2907 
2908 
2909 
2910 
2911 
2912 
2913 
2914 
2915 
2916 
2917 
2918 
2919 
2920 
2921 
2922 
2923 
2924 
2925 
2926 
2927 
2928 
2929 
2930 
2931 
2932 
2933 
2934 
2935 
2936 
2937 
2938 
2939 
2940 
2941 
2942 
2943 
2944 
2945 
2946 
2947 
2948 
2949 
2950 
2951 
2952 
2953 
2954 
2955 
2956 
2957 
2958 
2959 
2960 
2961 
2962 
2963 
2964 
2965 
2966 
2967 
2968 
2969 
2970 
2971 
2972 
2973 
2974 
2975 
2976 
2977 
2978 
2979 
2980 
2981 
2982 
2983 
2984 
2985 
2986 
2987 
2988 
2989 
2990 
2991 
2992 
2993 
2994 
2995 
2996 
2997 
2998 
2999 
3000 
3001 
3002 
3003 
3004 
3005 
3006 
3007 
3008 
3009 
3010 
3011 
3012 
3013 
3014 
3015 
3016 
3017 
3018 
3019 
3020 
3021 
3022 
3023 
5952 
5953 
5954 
5955 
5956 
5957 
5958 
5959 
5960 
5961 
5962 
5963 
5964 
5965 
5966 
5967 
5968 
5969 
5970 
5971 
5972 
5973 
5974 
5975 
5976 
5977 
5978 
5979 
5980 
5981 
5982 
5983 
5984 
5985 
5986 
5987 
5988 
5989 
5990 
5991 
5992 
5993 
5994 
5995 
5996 
5997 
5998 
5999 
6000 
6001 
6002 
6003 
6004 
6005 
6006 
6007 
6008 
6009 
6010 
6011 
6012 
6013 
6014 
6015 
6016 
6017 
6018 
6019 
6020 
6021 
6022 
6023 
6024 
6025 
6026 
6027 
6028 
6029 
6030 
6031 
6032 
6033 
6034 
6035 
6036 
6037 
6038 
6039 
6040 
6041 
6042 
6043 
6044 
6045 
6046 
6047 
6048 
6049 
6050 
6051 
6052 
6053 
6054 
6055 
6056 
6057 
6058 
6059 
6060 
6061 
6062 
6063 
6064 
6065 
6066 
6067 
6068 
6069 
6070 
6071 
6072 
6073 
6074 
6075 
6076 
6077 
6078 
6079 
6080 
6081 
6082 
6083 
6084 
6085 
6086 
6087 
6088 
6089 
6090 
6091 
6092 
6093 
6094 
6095 
6096 
6097 
6098 
6099 
6100 
6101 
6102 
6103 
6104 
6105 
6106 
6107 
6108 
6109 
6110 
6111 
6112 
6113 
6114 
6115 
6116 
6117 
6118 
6119 
6120 
6121 
6122 
6123 
6124 
6125 
6126 
6127 
6128 
6129 
6130 
6131 
6132 
6133 
6134 
6135 
6136 
6137 
6138 
6139 
6140 
6141 
6142 
6143 
6336 
6337 
6338 
6339 
6340 
6341 
6342 
6343 
6344 
6345 
6346 
6347 
6348 
6349 
6350 
6351 
6352 
6353 
6354 
6355 
6356 
6357 
6358 
6359 
6360 
6361 
6362 
6363 
6364 
6365 
6366 
6367 
6368 
6369 
6370 
6371 
6372 
6373 
6374 
6375 
6376 
6377 
6378 
6379 
6380 
6381 
6382 
6383 
6384 
6385 
6386 
6387 
6388 
6389 
6390 
6391 
6392 
6393 
6394 
6395 
6396 
6397 
6398 
6399 
6400 
6401 
6402 
6403 
6404 
6405 
6406 
6407 
6408 
6409 
6410 
6411 
6412 
6413 
6414 
6415 
6416 
6417 
6418 
6419 
6420 
6421 
6422 
6423 
6424 
6425 
6426 
6427 
6428 
6429 
6430 
6431 
6432 
6433 
6434 
6435 
6436 
6437 
6438 
6439 
6440 
6441 
6442 
6443 
6444 
6445 
6446 
6447 
6448 
6449 
6450 
6451 
6452 
6453 
6454 
6455 
6456 
6457 
6458 
6459 
6460 
6461 
6462 
6463 
6464 
6465 
6466 
6467 
6468 
6469 
6470 
6471 
6472 
6473 
6474 
6475 
6476 
6477 
6478 
6479 
6480 
6481 
6482 
6483 
6484 
6485 
6486 
6487 
6488 
6489 
6490 
6491 
6492 
6493 
6494 
6495 
6496 
6497 
6498 
6499 
6500 
6501 
6502 
6503 
6504 
6505 
6506 
6507 
6508 
6509 
6510 
6511 
6512 
6513 
6514 
6515 
6516 
6517 
6518 
6519 
6520 
6521 
6522 
6523 
6524 
6525 
6526 
6527 
6528 
6529 
6530 
6531 
6532 
6533 
6534 
6535 
6536 
6537 
6538 
6539 
6540 
6541 
6542 
6543 
6544 
6545 
6546 
6547 
6548 
6549 
6550 
6551 
6552 
6553 
6554 
6555 
6556 
6557 
6558 
6559 
6560 
6561 
6562 
6563 
6564 
6565 
6566 
6567 
6568 
6569 
6570 
6571 
6572 
6573 
6574 
6575 
6576 
6577 
6578 
6579 
6580 
6581 
6582 
6583 
6584 
6585 
6586 
6587 
6588 
6589 
6590 
6591 
6592 
6593 
6594 
6595 
6596 
6597 
6598 
6599 
6600 
6601 
6602 
6603 
6604 
6605 
6606 
6607 
6608 
6609 
6610 
6611 
6612 
6613 
6614 
6615 
6616 
6617 
6618 
6619 
6620 
6621 
6622 
6623 
6624 
6625 
6626 
6627 
6628 
6629 
6630 
6631 
6632 
6633 
6634 
6635 
6636 
6637 
6638 
6639 
6640 
6641 
6642 
6643 
6644 
6645 
6646 
6647 
6648 
6649 
6650 
6651 
6652 
6653 
6654 
6655 
6656 
6657 
6658 
6659 
6660 
6661 
6662 
6663 
6664 
6665 
6666 
6667 
6668 
6669 
6670 
6671 
6672 
6673 
6674 
6675 
6676 
6677 
6678 
6679 
6680 
6681 
6682 
6683 
6684 
6685 
6686 
6687 
6688 
6689 
6690 
6691 
6692 
6693 
6694 
6695 
6696 
6697 
6698 
6699 
6700 
6701 
6702 
6703 
6704 
6705 
6706 
6707 
6708 
6709 
6710 
6711 
6712 
6713 
6714 
6715 
6716 
6717 
6718 
6719 
6720 
6721 
6722 
6723 
6724 
6725 
6726 
6727 
6728 
6729 
6730 
6731 
6732 
6733 
6734 
6735 
6736 
6737 
6738 
6739 
6740 
6741 
6742 
6743 
6744 
6745 
6746 
6747 
6748 
6749 
6750 
6751 
6752 
6753 
6754 
6755 
6756 
6757 
6758 
6759 
6760 
6761 
6762 
6763 
6764 
6765 
6766 
6767 
6768 
6769 
6770 
6771 
6772 
6773 
6774 
6775 
6776 
6777 
6778 
6779 
6780 
6781 
6782 
6783 
6784 
6785 
6786 
6787 
6788 
6789 
6790 
6791 
6792 
6793 
6794 
6795 
6796 
6797 
6798 
6799 
6800 
6801 
6802 
6803 
6804 
6805 
6806 
6807 
6808 
6809 
6810 
6811 
6812 
6813 
6814 
6815 
6816 
6817 
6818 
6819 
6820 
6821 
6822 
6823 
6824 
6825 
6826 
6827 
6828 
6829 
6830 
6831 
6832 
6833 
6834 
6835 
6836 
6837 
6838 
6839 
6840 
6841 
6842 
6843 
6844 
6845 
6846 
6847 
6848 
6849 
6850 
6851 
6852 
6853 
6854 
6855 
6856 
6857 
6858 
6859 
6860 
6861 
6862 
6863 
6864 
6865 
6866 
6867 
6868 
6869 
6870 
6871 
6872 
6873 
6874 
6875 
6876 
6877 
6878 
6879 
6880 
6881 
6882 
6883 
6884 
6885 
6886 
6887 
6888 
6889 
6890 
6891 
6892 
6893 
6894 
6895 
6896 
6897 
6898 
6899 
6900 
6901 
6902 
6903 
6904 
6905 
6906 
6907 
6908 
6909 
6910 
6911 
6912 
6913 
6914 
6915 
6916 
6917 
6918 
6919 
6920 
6921 
6922 
6923 
6924 
6925 
6926 
6927 
6928 
6929 
6930 
6931 
6932 
6933 
6934 
6935 
6936 
6937 
6938 
6939 
6940 
6941 
6942 
6943 
6944 
6945 
6946 
6947 
6948 
6949 
6950 
6951 
6952 
6953 
6954 
6955 
6956 
6957 
6958 
6959 
6960 
6961 
6962 
6963 
6964 
6965 
6966 
6967 
6968 
6969 
6970 
6971 
6972 
6973 
6974 
6975 
6976 
6977 
6978 
6979 
6980 
6981 
6982 
6983 
6984 
6985 
6986 
6987 
6988 
6989 
6990 
6991 
6992 
6993 
6994 
6995 
6996 
6997 
6998 
6999 
7000 
7001 
7002 
7003 
7004 
7005 
7006 
7007 
7008 
7009 
7010 
7011 
7012 
7013 
7014 
7015 
7016 
7017 
7018 
7019 
7020 
7021 
7022 
7023 
7024 
7025 
7026 
7027 
7028 
7029 
7030 
7031 
7032 
7033 
7034 
7035 
7036 
7037 
7038 
7039 
7040 
7041 
7042 
7043 
7044 
7045 
7046 
7047 
7048 
7049 
7050 
7051 
7052 
7053 
7054 
7055 
7056 
7057 
7058 
7059 
7060 
7061 
7062 
7063 
7064 
7065 
7066 
7067 
7068 
7069 
7070 
7071 
7072 
7073 
7074 
7075 
7076 
7077 
7078 
7079 
7080 
7081 
7082 
7083 
7084 
7085 
7086 
7087 
7088 
7089 
7090 
7091 
7092 
7093 
7094 
7095 
7096 
7097 
7098 
7099 
7100 
7101 
7102 
7103 
7104 
7105 
7106 
7107 
7108 
7109 
7110 
7111 
7112 
7113 
7114 
7115 
7116 
7117 
7118 
7119 
7120 
7121 
7122 
7123 
7124 
7125 
7126 
7127 
7128 
7129 
7130 
7131 
7132 
7133 
7134 
7135 
7136 
7137 
7138 
7139 
7140 
7141 
7142 
7143 
7144 
7145 
7146 
7147 
7148 
7149 
7150 
7151 
7152 
7153 
7154 
7155 
7156 
7157 
7158 
7159 
7160 
7161 
7162 
7163 
7164 
7165 
7166 
7167 
7168 
7169 
7170 
7171 
7172 
7173 
7174 
7175 
7176 
7177 
7178 
7179 
7180 
7181 
7182 
7183 
7184 
7185 
7186 
7187 
7188 
7189 
7190 
7191 
7192 
7193 
7194 
7195 
7196 
7197 
7198 
7199 
7200 
7201 
7202 
7203 
7204 
7205 
7206 
7207 
7208 
7209 
7210 
7211 
7212 
7213 
7214 
7215 
7216 
7217 
7218 
7219 
7220 
7221 
7222 
7223 
7224 
7225 
7226 
7227 
7228 
7229 
7230 
7231 
7232 
7233 
7234 
7235 
7236 
7237 
7238 
7239 
7240 
7241 
7242 
7243 
7244 
7245 
7246 
7247 
7248 
7249 
7250 
7251 
7252 
7253 
7254 
7255 
7256 
7257 
7258 
7259 
7260 
7261 
7262 
7263 
7264 
7265 
7266 
7267 
7268 
7269 
7270 
7271 
7272 
7273 
7274 
7275 
7276 
7277 
7278 
7279 
7280 
7281 
7282 
7283 
7284 
7285 
7286 
7287 
7288 
7289 
7290 
7291 
7292 
7293 
7294 
7295 
7296 
7297 
7298 
7299 
7300 
7301 
7302 
7303 
7304 
7305 
7306 
7307 
7308 
7309 
7310 
7311 
7312 
7313 
7314 
7315 
7316 
7317 
7318 
7319 
7320 
7321 
7322 
7323 
7324 
7325 
7326 
7327 
7328 
7329 
7330 
7331 
7332 
7333 
7334 
7335 
7336 
7337 
7338 
7339 
7340 
7341 
7342 
7343 
7344 
7345 
7346 
7347 
7348 
7349 
7350 
7351 
7352 
7353 
7354 
7355 
7356 
7357 
7358 
7359 
7360 
7361 
7362 
7363 
7364 
7365 
7366 
7367 
7368 
7369 
7370 
7371 
7372 
7373 
7374 
7375 
7376 
7377 
7378 
7379 
7380 
7381 
7382 
7383 
7384 
7385 
7386 
7387 
7388 
7389 
7390 
7391 
7392 
7393 
7394 
7395 
7396 
7397 
7398 
7399 
7400 
7401 
7402 
7403 
7404 
7405 
7406 
7407 
7408 
7409 
7410 
7411 
7412 
7413 
7414 
7415 
7416 
7417 
7418 
7419 
7420 
7421 
7422 
7423 
7424 
7425 
7426 
7427 
7428 
7429 
7430 
7431 
7432 
7433 
7434 
7435 
7436 
7437 
7438 
7439 
7440 
7441 
7442 
7443 
7444 
7445 
7446 
7447 
7448 
7449 
7450 
7451 
7452 
7453 
7454 
7455 
7456 
7457 
7458 
7459 
7460 
7461 
7462 
7463 
7464 
7465 
7466 
7467 
7468 
7469 
7470 
7471 
7472 
7473 
7474 
7475 
7476 
7477 
7478 
7479 
7480 
7481 
7482 
7483 
7484 
7485 
7486 
7487 
7488 
7489 
7490 
7491 
7492 
7493 
7494 
7495 
7496 
7497 
7498 
7499 
7500 
7501 
7502 
7503 
7504 
7505 
7506 
7507 
7508 
7509 
7510 
7511 
7512 
7513 
7514 
7515 
7516 
7517 
7518 
7519 
7520 
7521 
7522 
7523 
7524 
7525 
7526 
7527 
7528 
7529 
7530 
7531 
7532 
7533 
7534 
7535 
7536 
7537 
7538 
7539 
7540 
7541 
7542 
7543 
7544 
7545 
7546 
7547 
7548 
7549 
7550 
7551 
7552 
7553 
7554 
7555 
7556 
7557 
7558 
7559 
7560 
7561 
7562 
7563 
7564 
7565 
7566 
7567 
7568 
7569 
7570 
7571 
7572 
7573 
7574 
7575 
7576 
7577 
7578 
7579 
7580 
7581 
7582 
7583 
7584 
7585 
7586 
7587 
7588 
7589 
7590 
7591 
7592 
7593 
7594 
7595 
7596 
7597 
7598 
7599 
7600 
7601 
7602 
7603 
7604 
7605 
7606 
7607 
7608 
7609 
7610 
7611 
7612 
7613 
7614 
7615 
7616 
7617 
7618 
7619 
7620 
7621 
7622 
7623 
7624 
7625 
7626 
7627 
7628 
7629 
7630 
7631 
7632 
7633 
7634 
7635 
7636 
7637 
7638 
7639 
7640 
7641 
7642 
7643 
7644 
7645 
7646 
7647 
7648 
7649 
7650 
7651 
7652 
7653 
7654 
7655 
7656 
7657 
7658 
7659 
7660 
7661 
7662 
7663 
7664 
7665 
7666 
7667 
7668 
7669 
7670 
7671 
7672 
7673 
7674 
7675 
7676 
7677 
7678 
7679 
7680 
7681 
7682 
7683 
7684 
7685 
7686 
7687 
7688 
7689 
7690 
7691 
7692 
7693 
7694 
7695 
7696 
7697 
7698 
7699 
7700 
7701 
7702 
7703 
7704 
7705 
7706 
7707 
7708 
7709 
7710 
7711 
7712 
7713 
7714 
7715 
7716 
7717 
7718 
7719 
7720 
7721 
7722 
7723 
7724 
7725 
7726 
7727 
7728 
7729 
7730 
7731 
7732 
7733 
7734 
7735 
7736 
7737 
7738 
7739 
7740 
7741 
7742 
7743 
7744 
7745 
7746 
7747 
7748 
7749 
7750 
7751 
7752 
7753 
7754 
7755 
7756 
7757 
7758 
7759 
7760 
7761 
7762 
7763 
7764 
7765 
7766 
7767 
7768 
7769 
7770 
7771 
7772 
7773 
7774 
7775 
7776 
7777 
7778 
7779 
7780 
7781 
7782 
7783 
7784 
7785 
7786 
7787 
7788 
7789 
7790 
7791 
7792 
7793 
7794 
7795 
7796 
7797 
7798 
7799 
7800 
7801 
7802 
7803 
7804 
7805 
7806 
7807 
7808 
7809 
7810 
7811 
7812 
7813 
7814 
7815 
7816 
7817 
7818 
7819 
7820 
7821 
7822 
7823 
7824 
7825 
7826 
7827 
7828 
7829 
7830 
7831 
7832 
7833 
7834 
7835 
7836 
7837 
7838 
7839 
7840 
7841 
7842 
7843 
7844 
7845 
7846 
7847 
7848 
7849 
7850 
7851 
7852 
7853 
7854 
7855 
7856 
7857 
7858 
7859 
7860 
7861 
7862 
7863 
7864 
7865 
7866 
7867 
7868 
7869 
7870 
7871 
9408 
9409 
9410 
9411 
9412 
9413 
9414 
9415 
9416 
9417 
9418 
9419 
9420 
9421 
9422 
9423 
9424 
9425 
9426 
9427 
9428 
9429 
9430 
9431 
9432 
9433 
9434 
9435 
9436 
9437 
9438 
9439 
9440 
9441 
9442 
9443 
9444 
9445 
9446 
9447 
9448 
9449 
9450 
9451 
9452 
9453 
9454 
9455 
9456 
9457 
9458 
9459 
9460 
9461 
9462 
9463 
9464 
9465 
9466 
9467 
9468 
9469 
9470 
9471 
9472 
9473 
9474 
9475 
9476 
9477 
9478 
9479 
9480 
9481 
9482 
9483 
9484 
9485 
9486 
9487 
9488 
9489 
9490 
9491 
9492 
9493 
9494 
9495 
9496 
9497 
9498 
9499 
9500 
9501 
9502 
9503 
9504 
9505 
9506 
9507 
9508 
9509 
9510 
9511 
9512 
9513 
9514 
9515 
9516 
9517 
9518 
9519 
9520 
9521 
9522 
9523 
9524 
9525 
9526 
9527 
9528 
9529 
9530 
9531 
9532 
9533 
9534 
9535 
9536 
9537 
9538 
9539 
9540 
9541 
9542 
9543 
9544 
9545 
9546 
9547 
9548 
9549 
9550 
9551 
9552 
9553 
9554 
9555 
9556 
9557 
9558 
9559 
9560 
9561 
9562 
9563 
9564 
9565 
9566 
9567 
9568 
9569 
9570 
9571 
9572 
9573 
9574 
9575 
9576 
9577 
9578 
9579 
9580 
9581 
9582 
9583 
9584 
9585 
9586 
9587 
9588 
9589 
9590 
9591 
9592 
9593 
9594 
9595 
9596 
9597 
9598 
9599 
9600 
9601 
9602 
9603 
9604 
9605 
9606 
9607 
9608 
9609 
9610 
9611 
9612 
9613 
9614 
9615 
9616 
9617 
9618 
9619 
9620 
9621 
9622 
9623 
9624 
9625 
9626 
9627 
9628 
9629 
9630 
9631 
9632 
9633 
9634 
9635 
9636 
9637 
9638 
9639 
9640 
9641 
9642 
9643 
9644 
9645 
9646 
9647 
9648 
9649 
9650 
9651 
9652 
9653 
9654 
9655 
9656 
9657 
9658 
9659 
9660 
9661 
9662 
9663 
9664 
9665 
9666 
9667 
9668 
9669 
9670 
9671 
9672 
9673 
9674 
9675 
9676 
9677 
9678 
9679 
9680 
9681 
9682 
9683 
9684 
9685 
9686 
9687 
9688 
9689 
9690 
9691 
9692 
9693 
9694 
9695 
9696 
9697 
9698 
9699 
9700 
9701 
9702 
9703 
9704 
9705 
9706 
9707 
9708 
9709 
9710 
9711 
9712 
9713 
9714 
9715 
9716 
9717 
9718 
9719 
9720 
9721 
9722 
9723 
9724 
9725 
9726 
9727 
9728 
9729 
9730 
9731 
9732 
9733 
9734 
9735 
9736 
9737 
9738 
9739 
9740 
9741 
9742 
9743 
9744 
9745 
9746 
9747 
9748 
9749 
9750 
9751 
9752 
9753 
9754 
9755 
9756 
9757 
9758 
9759 
9760 
9761 
9762 
9763 
9764 
9765 
9766 
9767 
9768 
9769 
9770 
9771 
9772 
9773 
9774 
9775 
9776 
9777 
9778 
9779 
9780 
9781 
9782 
9783 
9784 
9785 
9786 
9787 
9788 
9789 
9790 
9791 
9792 
9793 
9794 
9795 
9796 
9797 
9798 
9799 
9800 
9801 
9802 
9803 
9804 
9805 
9806 
9807 
9808 
9809 
9810 
9811 
9812 
9813 
9814 
9815 
9816 
9817 
9818 
9819 
9820 
9821 
9822 
9823 
9824 
9825 
9826 
9827 
9828 
9829 
9830 
9831 
9832 
9833 
9834 
9835 
9836 
9837 
9838 
9839 
9840 
9841 
9842 
9843 
9844 
9845 
9846 
9847 
9848 
9849 
9850 
9851 
9852 
9853 
9854 
9855 
9856 
9857 
9858 
9859 
9860 
9861 
9862 
9863 
9864 
9865 
9866 
9867 
9868 
9869 
9870 
9871 
9872 
9873 
9874 
9875 
9876 
9877 
9878 
9879 
9880 
9881 
9882 
9883 
9884 
9885 
9886 
9887 
9888 
9889 
9890 
9891 
9892 
9893 
9894 
9895 
9896 
9897 
9898 
9899 
9900 
9901 
9902 
9903 
9904 
9905 
9906 
9907 
9908 
9909 
9910 
9911 
9912 
9913 
9914 
9915 
9916 
9917 
9918 
9919 
9920 
9921 
9922 
9923 
9924 
9925 
9926 
9927 
9928 
9929 
9930 
9931 
9932 
9933 
9934 
9935 
9936 
9937 
9938 
9939 
9940 
9941 
9942 
9943 
9944 
9945 
9946 
9947 
9948 
9949 
9950 
9951 
9952 
9953 
9954 
9955 
9956 
9957 
9958 
9959 
9960 
9961 
9962 
9963 
9964 
9965 
9966 
9967 
9968 
9969 
9970 
9971 
9972 
9973 
9974 
9975 
9976 
9977 
9978 
9979 
9980 
9981 
9982 
9983 
9984 
9985 
9986 
9987 
9988 
9989 
9990 
9991 
9992 
9993 
9994 
9995 
9996 
9997 
9998 
9999 
10000 
10001 
10002 
10003 
10004 
10005 
10006 
10007 
10008 
10009 
10010 
10011 
10012 
10013 
10014 
10015 
10016 
10017 
10018 
10019 
10020 
10021 
10022 
10023 
10024 
10025 
10026 
10027 
10028 
10029 
10030 
10031 
10032 
10033 
10034 
10035 
10036 
10037 
10038 
10039 
10040 
10041 
10042 
10043 
10044 
10045 
10046 
10047 
10048 
10049 
10050 
10051 
10052 
10053 
10054 
10055 
10056 
10057 
10058 
10059 
10060 
10061 
10062 
10063 
10064 
10065 
10066 
10067 
10068 
10069 
10070 
10071 
10072 
10073 
10074 
10075 
10076 
10077 
10078 
10079 
10080 
10081 
10082 
10083 
10084 
10085 
10086 
10087 
10088 
10089 
10090 
10091 
10092 
10093 
10094 
10095 
10096 
10097 
10098 
10099 
10100 
10101 
10102 
10103 
10104 
10105 
10106 
10107 
10108 
10109 
10110 
10111 
10112 
10113 
10114 
10115 
10116 
10117 
10118 
10119 
10120 
10121 
10122 
10123 
10124 
10125 
10126 
10127 
10128 
10129 
10130 
10131 
10132 
10133 
10134 
10135 
10136 
10137 
10138 
10139 
10140 
10141 
10142 
10143 
10144 
10145 
10146 
10147 
10148 
10149 
10150 
10151 
10152 
10153 
10154 
10155 
10156 
10157 
10158 
10159 
10160 
10161 
10162 
10163 
10164 
10165 
10166 
10167 
10168 
10169 
10170 
10171 
10172 
10173 
10174 
10175 
10176 
10177 
10178 
10179 
10180 
10181 
10182 
10183 
10184 
10185 
10186 
10187 
10188 
10189 
10190 
10191 
10192 
10193 
10194 
10195 
10196 
10197 
10198 
10199 
10200 
10201 
10202 
10203 
10204 
10205 
10206 
10207 
10208 
10209 
10210 
10211 
10212 
10213 
10214 
10215 
10216 
10217 
10218 
10219 
10220 
10221 
10222 
10223 
10224 
10225 
10226 
10227 
10228 
10229 
10230 
10231 
10232 
10233 
10234 
10235 
10236 
10237 
10238 
10239 
10240 
10241 
10242 
10243 
10244 
10245 
10246 
10247 
10248 
10249 
10250 
10251 
10252 
10253 
10254 
10255 
10256 
10257 
10258 
10259 
10260 
10261 
10262 
10263 
10264 
10265 
10266 
10267 
10268 
10269 
10270 
10271 
10272 
10273 
10274 
10275 
10276 
10277 
10278 
10279 
10280 
10281 
10282 
10283 
10284 
10285 
10286 
10287 
10288 
10289 
10290 
10291 
10292 
10293 
10294 
10295 
10296 
10297 
10298 
10299 
10300 
10301 
10302 
10303 
10304 
10305 
10306 
10307 
10308 
10309 
10310 
10311 
10312 
10313 
10314 
10315 
10316 
10317 
10318 
10319 
10320 
10321 
10322 
10323 
10324 
10325 
10326 
10327 
10328 
10329 
10330 
10331 
10332 
10333 
10334 
10335 
10336 
10337 
10338 
10339 
10340 
10341 
10342 
10343 
10344 
10345 
10346 
10347 
10348 
10349 
10350 
10351 
10352 
10353 
10354 
10355 
10356 
10357 
10358 
10359 
10360 
10361 
10362 
10363 
10364 
10365 
10366 
10367 
10368 
10369 
10370 
10371 
10372 
10373 
10374 
10375 
10376 
10377 
10378 
10379 
10380 
10381 
10382 
10383 
10384 
10385 
10386 
10387 
10388 
10389 
10390 
10391 
10392 
10393 
10394 
10395 
10396 
10397 
10398 
10399 
10400 
10401 
10402 
10403 
10404 
10405 
10406 
10407 
10408 
10409 
10410 
10411 
10412 
10413 
10414 
10415 
10416 
10417 
10418 
10419 
10420 
10421 
10422 
10423 
10424 
10425 
10426 
10427 
10428 
10429 
10430 
10431 
10432 
10433 
10434 
10435 
10436 
10437 
10438 
10439 
10440 
10441 
10442 
10443 
10444 
10445 
10446 
10447 
10448 
10449 
10450 
10451 
10452 
10453 
10454 
10455 
10456 
10457 
10458 
10459 
10460 
10461 
10462 
10463 
10464 
10465 
10466 
10467 
10468 
10469 
10470 
10471 
10472 
10473 
10474 
10475 
10476 
10477 
10478 
10479 
10480 
10481 
10482 
10483 
10484 
10485 
10486 
10487 
10488 
10489 
10490 
10491 
10492 
10493 
10494 
10495 
10496 
10497 
10498 
10499 
10500 
10501 
10502 
10503 
10504 
10505 
10506 
10507 
10508 
10509 
10510 
10511 
10512 
10513 
10514 
10515 
10516 
10517 
10518 
10519 
10520 
10521 
10522 
10523 
10524 
10525 
10526 
10527 
10528 
10529 
10530 
10531 
10532 
10533 
10534 
10535 
10536 
10537 
10538 
10539 
10540 
10541 
10542 
10543 
10544 
10545 
10546 
10547 
10548 
10549 
10550 
10551 
10552 
10553 
10554 
10555 
10556 
10557 
10558 
10559 
10560 
10561 
10562 
10563 
10564 
10565 
10566 
10567 
10568 
10569 
10570 
10571 
10572 
10573 
10574 
10575 
10576 
10577 
10578 
10579 
10580 
10581 
10582 
10583 
10584 
10585 
10586 
10587 
10588 
10589 
10590 
10591 
10592 
10593 
10594 
10595 
10596 
10597 
10598 
10599 
10600 
10601 
10602 
10603 
10604 
10605 
10606 
10607 
10608 
10609 
10610 
10611 
10612 
10613 
10614 
10615 
10616 
10617 
10618 
10619 
10620 
10621 
10622 
10623 
10624 
10625 
10626 
10627 
10628 
10629 
10630 
10631 
10632 
10633 
10634 
10635 
10636 
10637 
10638 
10639 
10640 
10641 
10642 
10643 
10644 
10645 
10646 
10647 
10648 
10649 
10650 
10651 
10652 
10653 
10654 
10655 
10656 
10657 
10658 
10659 
10660 
10661 
10662 
10663 
10664 
10665 
10666 
10667 
10668 
10669 
10670 
10671 
10672 
10673 
10674 
10675 
10676 
10677 
10678 
10679 
10680 
10681 
10682 
10683 
10684 
10685 
10686 
10687 
10688 
10689 
10690 
10691 
10692 
10693 
10694 
10695 
10696 
10697 
10698 
10699 
10700 
10701 
10702 
10703 
10704 
10705 
10706 
10707 
10708 
10709 
10710 
10711 
10712 
10713 
10714 
10715 
10716 
10717 
10718 
10719 
10720 
10721 
10722 
10723 
10724 
10725 
10726 
10727 
10728 
10729 
10730 
10731 
10732 
10733 
10734 
10735 
10736 
10737 
10738 
10739 
10740 
10741 
10742 
10743 
10744 
10745 
10746 
10747 
10748 
10749 
10750 
10751 
10752 
10753 
10754 
10755 
10756 
10757 
10758 
10759 
10760 
10761 
10762 
10763 
10764 
10765 
10766 
10767 
10768 
10769 
10770 
10771 
10772 
10773 
10774 
10775 
10776 
10777 
10778 
10779 
10780 
10781 
10782 
10783 
10784 
10785 
10786 
10787 
10788 
10789 
10790 
10791 
10792 
10793 
10794 
10795 
10796 
10797 
10798 
10799 
10800 
10801 
10802 
10803 
10804 
10805 
10806 
10807 
10808 
10809 
10810 
10811 
10812 
10813 
10814 
10815 
10816 
10817 
10818 
10819 
10820 
10821 
10822 
10823 
10824 
10825 
10826 
10827 
10828 
10829 
10830 
10831 
10832 
10833 
10834 
10835 
10836 
10837 
10838 
10839 
10840 
10841 
10842 
10843 
10844 
10845 
10846 
10847 
10848 
10849 
10850 
10851 
10852 
10853 
10854 
10855 
10856 
10857 
10858 
10859 
10860 
10861 
10862 
10863 
10864 
10865 
10866 
10867 
10868 
10869 
10870 
10871 
10872 
10873 
10874 
10875 
10876 
10877 
10878 
10879 
10880 
10881 
10882 
10883 
10884 
10885 
10886 
10887 
10888 
10889 
10890 
10891 
10892 
10893 
10894 
10895 
10896 
10897 
10898 
10899 
10900 
10901 
10902 
10903 
10904 
10905 
10906 
10907 
10908 
10909 
10910 
10911 
10912 
10913 
10914 
10915 
10916 
10917 
10918 
10919 
10920 
10921 
10922 
10923 
10924 
10925 
10926 
10927 
10928 
10929 
10930 
10931 
10932 
10933 
10934 
10935 
10936 
10937 
10938 
10939 
10940 
10941 
10942 
10943 
)

// ************************************************************************* //
