Time         ContactIter        PenaltyScale     slaveContactVer         penetration      slaveVerReduce        maxSlaveTrac
1                   1               1e+06                   0           0.0010095                   0                   0
1                   2               1e+06                   0         0.000909418                   0                   0
1                   3               1e+06                   0         0.000908878                   0                   0
1                   4               1e+06                   0         0.000908663                   0                   0
1                   5               1e+06                   0          0.00090859                   0                   0
1                   6               1e+06                   0         0.000908566                   0                   0
1                   7               1e+06                   0         0.000908557                   0                   0
1                   8               1e+06                   0         0.000908554                   0                   0
1                   9               1e+06                   0         0.000908553                   0                   0
1                  10               1e+06                   0         0.000908553                   0                   0
1                  11               1e+06                   0         0.000908553                   0                   0
2                  12               1e+06                   0         0.000908553                   0                   0
2                  13               1e+06                   0         0.000908749                   0                   0
2                  14               1e+06                   0         0.000908586                   0                   0
2                  15               1e+06                   0         0.000908562                   0                   0
2                  16               1e+06                   0         0.000908556                   0                   0
2                  17               1e+06                   0         0.000908554                   0                   0
2                  18               1e+06                   0         0.000908553                   0                   0
2                  19               1e+06                   0         0.000908553                   0                   0
2                  20               1e+06                   0         0.000908553                   0                   0
3                  21               1e+06                   0         0.000908553                   0                   0
4                  22               1e+06                   0         0.000810032                   0                   0
5                  23               1e+06                   0         0.000810032                   0                   0
6                  24               1e+06                   0         0.000716258                   0                   0
7                  25               1e+06                   0         0.000716258                   0                   0
8                  26               1e+06                   0         0.000627659                   0                   0
9                  27               1e+06                   0         0.000627659                   0                   0
10                  28               1e+06                   0         0.000627659                   0                   0
11                  29               1e+06                   0         0.000544216                   0                   0
12                  30               1e+06                   0         0.000544216                   0                   0
13                  31               1e+06                   0         0.000465914                   0                   0
14                  32               1e+06                   0         0.000465914                   0                   0
15                  33               1e+06                   0         0.000465914                   0                   0
16                  34               1e+06                   0         0.000392737                   0                   0
17                  35               1e+06                   0         0.000392737                   0                   0
18                  36               1e+06                   0         0.000392737                   0                   0
19                  37               1e+06                   0          0.00032467                   0                   0
20                  38               1e+06                   0          0.00032467                   0                   0
21                  39               1e+06                   0         0.000261699                   0                   0
22                  40               1e+06                   0         0.000261699                   0                   0
23                  41               1e+06                   0         0.000261699                   0                   0
24                  42               1e+06                   0         0.000203812                   0                   0
25                  43               1e+06                   0         0.000203812                   0                   0
26                  44               1e+06                   0         0.000150997                   0                   0
27                  45               1e+06                   0         0.000150997                   0                   0
28                  46               1e+06                   0         0.000150997                   0                   0
29                  47               1e+06                   0         0.000103243                   0                   0
30                  48               1e+06                   0         0.000103243                   0                   0
31                  49               1e+06                   0          6.0542e-05                   0                   0
32                  50               1e+06                   0          6.0542e-05                   0                   0
33                  51               1e+06                   0          6.0542e-05                   0                   0
34                  52               1e+06                   0         2.28844e-05                   0                   0
35                  53               1e+06                   0         2.28844e-05                   0                   0
36                  54               1e+06                   2          -9.737e-06                   0         7.30275e+06
36                  55               1e+06                   2        -9.61918e-06                   0         1.45171e+07
36                  56               1e+06                   2           -9.46e-06                   0         2.16121e+07
36                  57               1e+06                   2        -9.31427e-06                   0         2.85978e+07
36                  58               1e+06                   2        -9.17037e-06                   0         3.54756e+07
36                  59               1e+06                   2        -9.02842e-06                   0         4.22469e+07
36                  60               1e+06                   2        -8.88854e-06                   0         4.89133e+07
36                  61               1e+06                   2        -8.75076e-06                   0         5.54764e+07
36                  62               1e+06                   2         -8.6151e-06                   0         6.19377e+07
36                  63               1e+06                   2        -8.48153e-06                   0         6.82989e+07
36                  64               1e+06                   2        -8.35001e-06                   0         7.45614e+07
36                  65               1e+06                   2        -8.22054e-06                   0         8.07268e+07
36                  66               1e+06                   2        -8.09306e-06                   0         8.67966e+07
36                  67               1e+06                   2        -7.96756e-06                   0         9.27723e+07
36                  68               1e+06                   2          -7.844e-06                   0         9.86553e+07
36                  69               1e+06                   2        -7.72235e-06                   0         1.04447e+08
36                  70               1e+06                   2        -7.60259e-06                   0         1.10149e+08
36                  71               1e+06                   2        -7.48468e-06                   0         1.15762e+08
36                  72               1e+06                   2        -7.36859e-06                   0         1.21289e+08
36                  73               1e+06                   2        -7.25431e-06                   0          1.2673e+08
36                  74               1e+06                   2        -7.14179e-06                   0         1.32086e+08
36                  75               1e+06                   2        -7.03101e-06                   0         1.37359e+08
36                  76               1e+06                   2        -6.92195e-06                   0         1.42551e+08
36                  77               1e+06                   2        -6.81458e-06                   0         1.47662e+08
36                  78               1e+06                   2        -6.70887e-06                   0         1.52693e+08
36                  79               1e+06                   2         -6.6048e-06                   0         1.57647e+08
36                  80               1e+06                   2        -6.50234e-06                   0         1.62524e+08
36                  81               1e+06                   2        -6.40147e-06                   0         1.67325e+08
36                  82               1e+06                   2        -6.30216e-06                   0         1.72051e+08
36                  83               1e+06                   2        -6.20439e-06                   0         1.76705e+08
36                  84               1e+06                   2        -6.10813e-06                   0         1.81286e+08
36                  85               1e+06                   2        -6.01336e-06                   0         1.85796e+08
36                  86               1e+06                   2        -5.92007e-06                   0         1.90236e+08
36                  87               1e+06                   2        -5.82821e-06                   0         1.94607e+08
36                  88               1e+06                   2        -5.73778e-06                   0          1.9891e+08
36                  89               1e+06                   2        -5.64876e-06                   0         2.03147e+08
36                  90               1e+06                   2        -5.56111e-06                   0         2.07318e+08
36                  91               1e+06                   2        -5.47482e-06                   0         2.11424e+08
36                  92               1e+06                   2        -5.38986e-06                   0         2.15466e+08
36                  93               1e+06                   2        -5.30623e-06                   0         2.19446e+08
36                  94               1e+06                   2        -5.22389e-06                   0         2.23364e+08
36                  95               1e+06                   2        -5.14282e-06                   0         2.27221e+08
36                  96               1e+06                   2        -5.06301e-06                   0         2.31018e+08
36                  97               1e+06                   2        -4.98444e-06                   0         2.34757e+08
36                  98               1e+06                   2        -4.90709e-06                   0         2.38437e+08
36                  99               1e+06                   2        -4.83094e-06                   0          2.4206e+08
36                 100               1e+06                   2        -4.75596e-06                   0         2.45627e+08
36                 101               1e+06                   2        -4.68215e-06                   0         2.49139e+08
36                 102               1e+06                   2        -4.60948e-06                   0         2.52596e+08
36                 103               1e+06                   2        -4.53794e-06                   0         2.55999e+08
36                 104               1e+06                   2        -4.46751e-06                   0          2.5935e+08
36                 105               1e+06                   2        -4.39817e-06                   0         2.62648e+08
36                 106               1e+06                   2        -4.32991e-06                   0         2.65896e+08
36                 107               1e+06                   2         -4.2627e-06                   0         2.69093e+08
36                 108               1e+06                   2        -4.19654e-06                   0          2.7224e+08
36                 109               1e+06                   2         -4.1314e-06                   0         2.75339e+08
36                 110               1e+06                   2        -4.06727e-06                   0         2.78389e+08
36                 111               1e+06                   2        -4.00414e-06                   0         2.81392e+08
36                 112               1e+06                   2        -3.94198e-06                   0         2.84349e+08
36                 113               1e+06                   2        -3.88079e-06                   0          2.8726e+08
36                 114               1e+06                   2        -3.82055e-06                   0         2.90125e+08
36                 115               1e+06                   2        -3.76124e-06                   0         2.92946e+08
36                 116               1e+06                   2        -3.70285e-06                   0         2.95723e+08
36                 117               1e+06                   2        -3.64537e-06                   0         2.98457e+08
36                 118               1e+06                   2        -3.58878e-06                   0         3.01149e+08
36                 119               1e+06                   2        -3.53307e-06                   0         3.03798e+08
36                 120               1e+06                   2        -3.47822e-06                   0         3.06407e+08
36                 121               1e+06                   2        -3.42422e-06                   0         3.08975e+08
36                 122               1e+06                   2        -3.37106e-06                   0         3.11504e+08
36                 123               1e+06                   2        -3.31873e-06                   0         3.13993e+08
36                 124               1e+06                   2         -3.2672e-06                   0         3.16443e+08
36                 125               1e+06                   2        -3.21648e-06                   0         3.18855e+08
36                 126               1e+06                   2        -3.16654e-06                   0          3.2123e+08
36                 127               1e+06                   2        -3.11738e-06                   0         3.23568e+08
36                 128               1e+06                   2        -3.06898e-06                   0          3.2587e+08
36                 129               1e+06                   2        -3.02133e-06                   0         3.28136e+08
36                 130               1e+06                   2        -2.97442e-06                   0         3.30367e+08
36                 131               1e+06                   2        -2.92824e-06                   0         3.32563e+08
36                 132               1e+06                   2        -2.88277e-06                   0         3.34725e+08
36                 133               1e+06                   2        -2.83801e-06                   0         3.36854e+08
36                 134               1e+06                   2        -2.79394e-06                   0         3.38949e+08
36                 135               1e+06                   2        -2.75056e-06                   0         3.41012e+08
36                 136               1e+06                   2        -2.70785e-06                   0         3.43043e+08
36                 137               1e+06                   2        -2.66581e-06                   0         3.45042e+08
36                 138               1e+06                   2        -2.62441e-06                   0         3.47011e+08
36                 139               1e+06                   2        -2.58366e-06                   0         3.48948e+08
36                 140               1e+06                   2        -2.54354e-06                   0         3.50856e+08
36                 141               1e+06                   2        -2.50405e-06                   0         3.52734e+08
36                 142               1e+06                   2        -2.46516e-06                   0         3.54583e+08
36                 143               1e+06                   2        -2.42688e-06                   0         3.56403e+08
36                 144               1e+06                   2         -2.3892e-06                   0         3.58195e+08
36                 145               1e+06                   2         -2.3521e-06                   0         3.59959e+08
36                 146               1e+06                   2        -2.31557e-06                   0         3.61696e+08
36                 147               1e+06                   2        -2.27961e-06                   0         3.63405e+08
36                 148               1e+06                   2        -2.24421e-06                   0         3.65088e+08
36                 149               1e+06                   2        -2.20936e-06                   0         3.66746e+08
36                 150               1e+06                   2        -2.17505e-06                   0         3.68377e+08
36                 151               1e+06                   2        -2.14127e-06                   0         3.69983e+08
36                 152               1e+06                   2        -2.10802e-06                   0         3.71564e+08
36                 153               1e+06                   2        -2.07528e-06                   0          3.7312e+08
36                 154               1e+06                   2        -2.04305e-06                   0         3.74653e+08
36                 155               1e+06                   2        -2.01132e-06                   0         3.76161e+08
36                 156               1e+06                   2        -1.98009e-06                   0         3.77646e+08
36                 157               1e+06                   2        -1.94934e-06                   0         3.79108e+08
36                 158               1e+06                   2        -1.91906e-06                   0         3.80547e+08
36                 159               1e+06                   2        -1.88926e-06                   0         3.81964e+08
36                 160               1e+06                   2        -1.85992e-06                   0         3.83359e+08
36                 161               1e+06                   2        -1.83103e-06                   0         3.84733e+08
36                 162               1e+06                   2        -1.80259e-06                   0         3.86084e+08
36                 163               1e+06                   2         -1.7746e-06                   0         3.87415e+08
36                 164               1e+06                   2        -1.74704e-06                   0         3.88726e+08
36                 165               1e+06                   2         -1.7199e-06                   0         3.90016e+08
36                 166               1e+06                   2        -1.69319e-06                   0         3.91286e+08
36                 167               1e+06                   2        -1.66689e-06                   0         3.92536e+08
36                 168               1e+06                   2        -1.64101e-06                   0         3.93766e+08
36                 169               1e+06                   2        -1.61552e-06                   0         3.94978e+08
36                 170               1e+06                   2        -1.59043e-06                   0         3.96171e+08
36                 171               1e+06                   2        -1.56572e-06                   0         3.97345e+08
36                 172               1e+06                   2        -1.54141e-06                   0         3.98501e+08
36                 173               1e+06                   2        -1.51746e-06                   0         3.99639e+08
36                 174               1e+06                   2         -1.4939e-06                   0          4.0076e+08
36                 175               1e+06                   2        -1.47069e-06                   0         4.01863e+08
36                 176               1e+06                   2        -1.44785e-06                   0         4.02949e+08
36                 177               1e+06                   2        -1.42536e-06                   0         4.04018e+08
36                 178               1e+06                   2        -1.40322e-06                   0          4.0507e+08
36                 179               1e+06                   2        -1.38143e-06                   0         4.06106e+08
36                 180               1e+06                   2        -1.35997e-06                   0         4.07126e+08
36                 181               1e+06                   2        -1.33884e-06                   0          4.0813e+08
36                 182               1e+06                   2        -1.31805e-06                   0         4.09119e+08
36                 183               1e+06                   2        -1.29758e-06                   0         4.10092e+08
36                 184               1e+06                   2        -1.27742e-06                   0          4.1105e+08
36                 185               1e+06                   2        -1.25758e-06                   0         4.11993e+08
36                 186               1e+06                   2        -1.23804e-06                   0         4.12922e+08
36                 187               1e+06                   2        -1.21881e-06                   0         4.13836e+08
36                 188               1e+06                   2        -1.19988e-06                   0         4.14736e+08
36                 189               1e+06                   2        -1.18124e-06                   0         4.15622e+08
36                 190               1e+06                   2         -1.1629e-06                   0         4.16494e+08
36                 191               1e+06                   2        -1.14483e-06                   0         4.17353e+08
36                 192               1e+06                   2        -1.12705e-06                   0         4.18198e+08
36                 193               1e+06                   2        -1.10954e-06                   0          4.1903e+08
36                 194               1e+06                   2        -1.09231e-06                   0         4.19849e+08
36                 195               1e+06                   2        -1.07534e-06                   0         4.20656e+08
36                 196               1e+06                   2        -1.05864e-06                   0          4.2145e+08
36                 197               1e+06                   2        -1.04219e-06                   0         4.22231e+08
36                 198               1e+06                   2          -1.026e-06                   0         4.23001e+08
36                 199               1e+06                   2        -1.01006e-06                   0         4.23758e+08
36                 200               1e+06                   2        -9.94373e-07                   0         4.24504e+08
36                 201               1e+06                   2        -9.78927e-07                   0         4.25238e+08
36                 202               1e+06                   2         -9.6372e-07                   0         4.25961e+08
36                 203               1e+06                   2        -9.48749e-07                   0         4.26673e+08
36                 204               1e+06                   2        -9.34011e-07                   0         4.27373e+08
36                 205               1e+06                   2        -9.19502e-07                   0         4.28063e+08
36                 206               1e+06                   2        -9.05218e-07                   0         4.28742e+08
36                 207               1e+06                   2        -8.91156e-07                   0          4.2941e+08
36                 208               1e+06                   2        -8.77313e-07                   0         4.30068e+08
36                 209               1e+06                   2        -8.63684e-07                   0         4.30716e+08
36                 210               1e+06                   2        -8.50267e-07                   0         4.31354e+08
36                 211               1e+06                   2        -8.37059e-07                   0         4.31981e+08
36                 212               1e+06                   2        -8.24055e-07                   0         4.32599e+08
36                 213               1e+06                   2        -8.11254e-07                   0         4.33208e+08
36                 214               1e+06                   2        -7.98651e-07                   0         4.33807e+08
36                 215               1e+06                   2        -7.86244e-07                   0         4.34397e+08
36                 216               1e+06                   2         -7.7403e-07                   0         4.34977e+08
36                 217               1e+06                   2        -7.62006e-07                   0         4.35549e+08
36                 218               1e+06                   2        -7.50168e-07                   0         4.36111e+08
36                 219               1e+06                   2        -7.38514e-07                   0         4.36665e+08
36                 220               1e+06                   2        -7.27042e-07                   0          4.3721e+08
36                 221               1e+06                   2        -7.15747e-07                   0         4.37747e+08
36                 222               1e+06                   2        -7.04628e-07                   0         4.38276e+08
36                 223               1e+06                   2        -6.93681e-07                   0         4.38796e+08
36                 224               1e+06                   2        -6.82905e-07                   0         4.39308e+08
36                 225               1e+06                   2        -6.72296e-07                   0         4.39812e+08
36                 226               1e+06                   2        -6.61852e-07                   0         4.40309e+08
36                 227               1e+06                   2        -6.51569e-07                   0         4.40797e+08
36                 228               1e+06                   2        -6.41447e-07                   0         4.41278e+08
36                 229               1e+06                   2        -6.31482e-07                   0         4.41752e+08
36                 230               1e+06                   2        -6.21672e-07                   0         4.42218e+08
36                 231               1e+06                   2        -6.12014e-07                   0         4.42677e+08
36                 232               1e+06                   2        -6.02506e-07                   0         4.43129e+08
36                 233               1e+06                   2        -5.93146e-07                   0         4.43574e+08
36                 234               1e+06                   2        -5.83931e-07                   0         4.44012e+08
36                 235               1e+06                   2        -5.74859e-07                   0         4.44443e+08
36                 236               1e+06                   2        -5.65928e-07                   0         4.44868e+08
36                 237               1e+06                   2        -5.57136e-07                   0         4.45285e+08
36                 238               1e+06                   2        -5.48481e-07                   0         4.45697e+08
36                 239               1e+06                   2         -5.3996e-07                   0         4.46102e+08
36                 240               1e+06                   2        -5.31571e-07                   0           4.465e+08
36                 241               1e+06                   2        -5.23313e-07                   0         4.46893e+08
36                 242               1e+06                   2        -5.15183e-07                   0         4.47279e+08
36                 243               1e+06                   2        -5.07179e-07                   0          4.4766e+08
36                 244               1e+06                   2        -4.99299e-07                   0         4.48034e+08
36                 245               1e+06                   2        -4.91542e-07                   0         4.48403e+08
36                 246               1e+06                   2        -4.83906e-07                   0         4.48766e+08
36                 247               1e+06                   2        -4.76388e-07                   0         4.49123e+08
36                 248               1e+06                   2        -4.68987e-07                   0         4.49475e+08
36                 249               1e+06                   2          -4.617e-07                   0         4.49821e+08
36                 250               1e+06                   2        -4.54527e-07                   0         4.50162e+08
36                 251               1e+06                   2        -4.47466e-07                   0         4.50498e+08
36                 252               1e+06                   2        -4.40514e-07                   0         4.50828e+08
36                 253               1e+06                   2         -4.3367e-07                   0         4.51153e+08
36                 254               1e+06                   2        -4.26933e-07                   0         4.51473e+08
36                 255               1e+06                   2          -4.203e-07                   0         4.51789e+08
36                 256               1e+06                   2         -4.1377e-07                   0         4.52099e+08
36                 257               1e+06                   2        -4.07341e-07                   0         4.52404e+08
36                 258               1e+06                   2        -4.01013e-07                   0         4.52705e+08
36                 259               1e+06                   2        -3.94783e-07                   0         4.53001e+08
36                 260               1e+06                   2        -3.88649e-07                   0         4.53293e+08
36                 261               1e+06                   2        -3.82611e-07                   0          4.5358e+08
36                 262               1e+06                   2        -3.76667e-07                   0         4.53862e+08
36                 263               1e+06                   2        -3.70814e-07                   0          4.5414e+08
36                 264               1e+06                   2        -3.65053e-07                   0         4.54414e+08
36                 265               1e+06                   2        -3.59382e-07                   0         4.54684e+08
36                 266               1e+06                   2        -3.53798e-07                   0         4.54949e+08
36                 267               1e+06                   2        -3.48301e-07                   0          4.5521e+08
36                 268               1e+06                   2         -3.4289e-07                   0         4.55467e+08
36                 269               1e+06                   2        -3.37563e-07                   0         4.55721e+08
36                 270               1e+06                   2        -3.32318e-07                   0          4.5597e+08
36                 271               1e+06                   2        -3.27155e-07                   0         4.56215e+08
36                 272               1e+06                   2        -3.22072e-07                   0         4.56457e+08
36                 273               1e+06                   2        -3.17068e-07                   0         4.56695e+08
36                 274               1e+06                   2        -3.12142e-07                   0         4.56929e+08
36                 275               1e+06                   2        -3.07293e-07                   0         4.57159e+08
36                 276               1e+06                   2        -3.02518e-07                   0         4.57386e+08
36                 277               1e+06                   2        -2.97818e-07                   0         4.57609e+08
36                 278               1e+06                   2        -2.93191e-07                   0         4.57829e+08
36                 279               1e+06                   2        -2.88636e-07                   0         4.58046e+08
36                 280               1e+06                   2        -2.84151e-07                   0         4.58259e+08
36                 281               1e+06                   2        -2.79737e-07                   0         4.58469e+08
36                 282               1e+06                   2         -2.7539e-07                   0         4.58675e+08
36                 283               1e+06                   2        -2.71112e-07                   0         4.58879e+08
36                 284               1e+06                   2          -2.669e-07                   0         4.59079e+08
36                 285               1e+06                   2        -2.62753e-07                   0         4.59276e+08
36                 286               1e+06                   2         -2.5867e-07                   0          4.5947e+08
36                 287               1e+06                   2        -2.54652e-07                   0         4.59661e+08
36                 288               1e+06                   2        -2.50695e-07                   0         4.59849e+08
36                 289               1e+06                   2          -2.468e-07                   0         4.60034e+08
36                 290               1e+06                   2        -2.42966e-07                   0         4.60216e+08
36                 291               1e+06                   2        -2.39191e-07                   0         4.60396e+08
36                 292               1e+06                   2        -2.35474e-07                   0         4.60572e+08
36                 293               1e+06                   2        -2.31816e-07                   0         4.60746e+08
36                 294               1e+06                   2        -2.28214e-07                   0         4.60917e+08
36                 295               1e+06                   2        -2.24668e-07                   0         4.61086e+08
36                 296               1e+06                   2        -2.21178e-07                   0         4.61252e+08
36                 297               1e+06                   2        -2.17741e-07                   0         4.61415e+08
36                 298               1e+06                   2        -2.14358e-07                   0         4.61576e+08
36                 299               1e+06                   2        -2.11028e-07                   0         4.61734e+08
36                 300               1e+06                   2        -2.07749e-07                   0          4.6189e+08
36                 301               1e+06                   2        -2.04521e-07                   0         4.62043e+08
36                 302               1e+06                   2        -2.01344e-07                   0         4.62194e+08
36                 303               1e+06                   2        -1.98215e-07                   0         4.62343e+08
36                 304               1e+06                   2        -1.95136e-07                   0         4.62489e+08
36                 305               1e+06                   2        -1.92104e-07                   0         4.62633e+08
36                 306               1e+06                   2        -1.89119e-07                   0         4.62775e+08
36                 307               1e+06                   2        -1.86181e-07                   0         4.62915e+08
36                 308               1e+06                   2        -1.83288e-07                   0         4.63052e+08
36                 309               1e+06                   2         -1.8044e-07                   0         4.63187e+08
36                 310               1e+06                   2        -1.77637e-07                   0         4.63321e+08
36                 311               1e+06                   2        -1.74877e-07                   0         4.63452e+08
36                 312               1e+06                   2         -1.7216e-07                   0         4.63581e+08
36                 313               1e+06                   2        -1.69485e-07                   0         4.63708e+08
36                 314               1e+06                   2        -1.66851e-07                   0         4.63833e+08
36                 315               1e+06                   2        -1.64259e-07                   0         4.63956e+08
36                 316               1e+06                   2        -1.61707e-07                   0         4.64078e+08
36                 317               1e+06                   2        -1.59194e-07                   0         4.64197e+08
36                 318               1e+06                   2        -1.56721e-07                   0         4.64315e+08
36                 319               1e+06                   2        -1.54286e-07                   0          4.6443e+08
36                 320               1e+06                   2        -1.51889e-07                   0         4.64544e+08
36                 321               1e+06                   2        -1.49529e-07                   0         4.64656e+08
36                 322               1e+06                   2        -1.47206e-07                   0         4.64767e+08
36                 323               1e+06                   2        -1.44918e-07                   0         4.64876e+08
36                 324               1e+06                   2        -1.42667e-07                   0         4.64983e+08
36                 325               1e+06                   2         -1.4045e-07                   0         4.65088e+08
36                 326               1e+06                   2        -1.38268e-07                   0         4.65192e+08
36                 327               1e+06                   2         -1.3612e-07                   0         4.65294e+08
36                 328               1e+06                   2        -1.34005e-07                   0         4.65394e+08
36                 329               1e+06                   2        -1.31923e-07                   0         4.65493e+08
36                 330               1e+06                   2        -1.29873e-07                   0          4.6559e+08
36                 331               1e+06                   2        -1.27855e-07                   0         4.65686e+08
36                 332               1e+06                   2        -1.25868e-07                   0         4.65781e+08
36                 333               1e+06                   2        -1.23913e-07                   0         4.65874e+08
36                 334               1e+06                   2        -1.21988e-07                   0         4.65965e+08
36                 335               1e+06                   2        -1.20092e-07                   0         4.66055e+08
36                 336               1e+06                   2        -1.18226e-07                   0         4.66144e+08
36                 337               1e+06                   2        -1.16389e-07                   0         4.66231e+08
36                 338               1e+06                   2        -1.14581e-07                   0         4.66317e+08
36                 339               1e+06                   2        -1.12801e-07                   0         4.66402e+08
36                 340               1e+06                   2        -1.11048e-07                   0         4.66485e+08
36                 341               1e+06                   2        -1.09323e-07                   0         4.66567e+08
36                 342               1e+06                   2        -1.07624e-07                   0         4.66648e+08
36                 343               1e+06                   2        -1.05952e-07                   0         4.66727e+08
36                 344               1e+06                   2        -1.04306e-07                   0         4.66805e+08
36                 345               1e+06                   2        -1.02685e-07                   0         4.66882e+08
36                 346               1e+06                   2         -1.0109e-07                   0         4.66958e+08
36                 347               1e+06                   2        -9.95189e-08                   0         4.67033e+08
36                 348               1e+06                   2        -9.79726e-08                   0         4.67106e+08
36                 349               1e+06                   2        -9.64504e-08                   0         4.67179e+08
36                 350               1e+06                   2        -9.49518e-08                   0          4.6725e+08
36                 351               1e+06                   2        -9.34765e-08                   0          4.6732e+08
36                 352               1e+06                   2        -9.20241e-08                   0         4.67389e+08
36                 353               1e+06                   2        -9.05943e-08                   0         4.67457e+08
36                 354               1e+06                   2        -8.91867e-08                   0         4.67524e+08
36                 355               1e+06                   2        -8.78009e-08                   0          4.6759e+08
36                 356               1e+06                   2        -8.64367e-08                   0         4.67655e+08
36                 357               1e+06                   2        -8.50937e-08                   0         4.67718e+08
36                 358               1e+06                   2        -8.37716e-08                   0         4.67781e+08
36                 359               1e+06                   2          -8.247e-08                   0         4.67843e+08
36                 360               1e+06                   2        -8.11886e-08                   0         4.67904e+08
36                 361               1e+06                   2        -7.99271e-08                   0         4.67964e+08
36                 362               1e+06                   2        -7.86853e-08                   0         4.68023e+08
36                 363               1e+06                   2        -7.74627e-08                   0         4.68081e+08
36                 364               1e+06                   2        -7.62591e-08                   0         4.68138e+08
36                 365               1e+06                   2        -7.50742e-08                   0         4.68195e+08
36                 366               1e+06                   2        -7.39078e-08                   0          4.6825e+08
36                 367               1e+06                   2        -7.27594e-08                   0         4.68305e+08
36                 368               1e+06                   2        -7.16289e-08                   0         4.68358e+08
36                 369               1e+06                   2         -7.0516e-08                   0         4.68411e+08
36                 370               1e+06                   2        -6.94203e-08                   0         4.68463e+08
36                 371               1e+06                   2        -6.83417e-08                   0         4.68514e+08
36                 372               1e+06                   2        -6.72798e-08                   0         4.68565e+08
36                 373               1e+06                   2        -6.62345e-08                   0         4.68615e+08
36                 374               1e+06                   2        -6.52054e-08                   0         4.68664e+08
36                 375               1e+06                   2        -6.41922e-08                   0         4.68712e+08
36                 376               1e+06                   2        -6.31948e-08                   0         4.68759e+08
36                 377               1e+06                   2        -6.22129e-08                   0         4.68806e+08
36                 378               1e+06                   2        -6.12463e-08                   0         4.68852e+08
36                 379               1e+06                   2        -6.02947e-08                   0         4.68897e+08
36                 380               1e+06                   2        -5.93578e-08                   0         4.68941e+08
36                 381               1e+06                   2        -5.84356e-08                   0         4.68985e+08
36                 382               1e+06                   2        -5.75276e-08                   0         4.69028e+08
36                 383               1e+06                   2        -5.66338e-08                   0         4.69071e+08
36                 384               1e+06                   2        -5.57538e-08                   0         4.69113e+08
36                 385               1e+06                   2        -5.48875e-08                   0         4.69154e+08
36                 386               1e+06                   2        -5.40347e-08                   0         4.69194e+08
36                 387               1e+06                   2        -5.31952e-08                   0         4.69234e+08
36                 388               1e+06                   2        -5.23686e-08                   0         4.69274e+08
36                 389               1e+06                   2        -5.15549e-08                   0         4.69312e+08
36                 390               1e+06                   2        -5.07539e-08                   0          4.6935e+08
36                 391               1e+06                   2        -4.99653e-08                   0          4.6935e+08
36                 392               1e+06                   2        -4.98815e-08                   0          4.6935e+08
36                 393               1e+06                   2        -4.98539e-08                   0          4.6935e+08
36                 394               1e+06                   2        -4.98436e-08                   0          4.6935e+08
36                 395               1e+06                   2        -4.98395e-08                   0          4.6935e+08
36                 396               1e+06                   2        -4.98381e-08                   0          4.6935e+08
36                 397               1e+06                   2        -4.98376e-08                   0          4.6935e+08
37                 398               1e+06                   2        -4.98375e-08                   0          4.6935e+08
37                 399               1e+06                   0         4.25164e-07                   2         4.68872e+08
37                 400               1e+06                   0         9.82082e-07                   2         4.67767e+08
37                 401               1e+06                   0         8.86907e-07                   2         4.66769e+08
37                 402               1e+06                   0         8.31775e-07                   2         4.65834e+08
37                 403               1e+06                   0         7.96509e-07                   2         4.64938e+08
37                 404               1e+06                   0         7.70259e-07                   2         4.64071e+08
37                 405               1e+06                   0         7.48142e-07                   2         4.63229e+08
37                 406               1e+06                   0         7.28028e-07                   2          4.6241e+08
37                 407               1e+06                   0          7.0902e-07                   2         4.61613e+08
37                 408               1e+06                   0         6.90744e-07                   2         4.60836e+08
37                 409               1e+06                   0         6.73034e-07                   2         4.60078e+08
37                 410               1e+06                   0         6.55819e-07                   2         4.59341e+08
37                 411               1e+06                   0          6.3906e-07                   2         4.58622e+08
37                 412               1e+06                   0         6.22737e-07                   2         4.57921e+08
37                 413               1e+06                   0         6.06833e-07                   2         4.57238e+08
37                 414               1e+06                   0         5.91336e-07                   2         4.56573e+08
37                 415               1e+06                   0         5.76236e-07                   2         4.55925e+08
37                 416               1e+06                   0         5.61522e-07                   2         4.55293e+08
37                 417               1e+06                   0         5.47183e-07                   2         4.54678e+08
37                 418               1e+06                   0         5.33211e-07                   2         4.54078e+08
37                 419               1e+06                   0         5.19596e-07                   2         4.53493e+08
37                 420               1e+06                   0         5.06328e-07                   2         4.52924e+08
37                 421               1e+06                   0         4.93399e-07                   2         4.52368e+08
37                 422               1e+06                   0         4.80801e-07                   2         4.51828e+08
37                 423               1e+06                   0         4.68524e-07                   2           4.513e+08
37                 424               1e+06                   0          4.5656e-07                   2         4.50787e+08
37                 425               1e+06                   0         4.44902e-07                   2         4.50286e+08
37                 426               1e+06                   0         4.33542e-07                   2         4.49799e+08
37                 427               1e+06                   0         4.22472e-07                   2         4.49323e+08
37                 428               1e+06                   0         4.11685e-07                   2          4.4886e+08
