/*--------------------------------*- C++ -*----------------------------------*\
| =========                 |                                                 |
| \\      /  F ield         | OpenFOAM: The Open Source CFD Toolbox           |
|  \\    /   O peration     | Version:  1.5-dev                               |
|   \\  /    A nd           | Revision: 1418                                  |
|    \\/     M anipulation  | Web:      http://www.OpenFOAM.org               |
\*---------------------------------------------------------------------------*/
FoamFile
{
    version     2.0;
    format      ascii;
    class       faceList;
    location    "constant/polyMesh";
    object      faces;
}
// * * * * * * * * * * * * * * * * * * * * * * * * * * * * * * * * * * * * * //


1398
(
4(169 172 587 584)
4(168 583 587 172)
4(170 253 668 585)
4(172 587 668 253)
4(171 334 749 586)
4(253 668 749 334)
4(334 749 541 126)
4(173 588 587 172)
4(167 582 588 173)
4(253 254 669 668)
4(173 588 669 254)
4(334 335 750 749)
4(254 669 750 335)
4(127 335 750 542)
4(174 589 588 173)
4(166 581 589 174)
4(254 255 670 669)
4(174 589 670 255)
4(335 336 751 750)
4(255 670 751 336)
4(128 336 751 543)
4(175 590 589 174)
4(165 580 590 175)
4(255 256 671 670)
4(175 590 671 256)
4(336 337 752 751)
4(256 671 752 337)
4(129 337 752 544)
4(176 591 590 175)
4(164 579 591 176)
4(256 257 672 671)
4(176 591 672 257)
4(337 338 753 752)
4(257 672 753 338)
4(130 338 753 545)
4(177 592 591 176)
4(163 578 592 177)
4(257 258 673 672)
4(177 592 673 258)
4(338 339 754 753)
4(258 673 754 339)
4(131 339 754 546)
4(178 593 592 177)
4(162 577 593 178)
4(258 259 674 673)
4(178 593 674 259)
4(339 340 755 754)
4(259 674 755 340)
4(132 340 755 547)
4(179 594 593 178)
4(161 576 594 179)
4(259 260 675 674)
4(179 594 675 260)
4(340 341 756 755)
4(260 675 756 341)
4(133 341 756 548)
4(180 595 594 179)
4(160 575 595 180)
4(260 261 676 675)
4(180 595 676 261)
4(341 342 757 756)
4(261 676 757 342)
4(134 342 757 549)
4(181 596 595 180)
4(159 574 596 181)
4(261 262 677 676)
4(181 596 677 262)
4(342 343 758 757)
4(262 677 758 343)
4(135 343 758 550)
4(182 597 596 181)
4(158 573 597 182)
4(262 263 678 677)
4(182 597 678 263)
4(343 344 759 758)
4(263 678 759 344)
4(136 344 759 551)
4(183 598 597 182)
4(157 572 598 183)
4(263 264 679 678)
4(183 598 679 264)
4(344 345 760 759)
4(264 679 760 345)
4(137 345 760 552)
4(184 599 598 183)
4(156 571 599 184)
4(264 265 680 679)
4(184 599 680 265)
4(345 346 761 760)
4(265 680 761 346)
4(138 346 761 553)
4(185 600 599 184)
4(155 570 600 185)
4(265 266 681 680)
4(185 600 681 266)
4(346 347 762 761)
4(266 681 762 347)
4(139 347 762 554)
4(186 601 600 185)
4(154 569 601 186)
4(266 267 682 681)
4(186 601 682 267)
4(347 348 763 762)
4(267 682 763 348)
4(140 348 763 555)
4(187 602 601 186)
4(153 568 602 187)
4(267 268 683 682)
4(187 602 683 268)
4(348 349 764 763)
4(268 683 764 349)
4(141 349 764 556)
4(188 603 602 187)
4(152 567 603 188)
4(268 269 684 683)
4(188 603 684 269)
4(349 350 765 764)
4(269 684 765 350)
4(142 350 765 557)
4(189 604 603 188)
4(151 566 604 189)
4(269 270 685 684)
4(189 604 685 270)
4(350 351 766 765)
4(270 685 766 351)
4(143 351 766 558)
4(190 605 604 189)
4(150 565 605 190)
4(270 271 686 685)
4(190 605 686 271)
4(351 352 767 766)
4(271 686 767 352)
4(144 352 767 559)
4(191 606 605 190)
4(149 564 606 191)
4(271 272 687 686)
4(191 606 687 272)
4(352 353 768 767)
4(272 687 768 353)
4(145 353 768 560)
4(192 607 606 191)
4(148 563 607 192)
4(272 273 688 687)
4(192 607 688 273)
4(353 354 769 768)
4(273 688 769 354)
4(146 354 769 561)
4(193 608 607 192)
4(1 416 608 193)
4(273 274 689 688)
4(193 608 689 274)
4(354 355 770 769)
4(274 689 770 355)
4(0 355 770 415)
4(194 609 608 193)
4(61 476 609 194)
4(274 275 690 689)
4(194 609 690 275)
4(355 356 771 770)
4(275 690 771 356)
4(66 356 771 481)
4(195 610 609 194)
4(60 475 610 195)
4(275 276 691 690)
4(195 610 691 276)
4(356 357 772 771)
4(276 691 772 357)
4(67 357 772 482)
4(196 611 610 195)
4(59 474 611 196)
4(276 277 692 691)
4(196 611 692 277)
4(357 358 773 772)
4(277 692 773 358)
4(68 358 773 483)
4(197 612 611 196)
4(58 473 612 197)
4(277 278 693 692)
4(197 612 693 278)
4(358 359 774 773)
4(278 693 774 359)
4(69 359 774 484)
4(198 613 612 197)
4(57 472 613 198)
4(278 279 694 693)
4(198 613 694 279)
4(359 360 775 774)
4(279 694 775 360)
4(70 360 775 485)
4(199 614 613 198)
4(56 471 614 199)
4(279 280 695 694)
4(199 614 695 280)
4(360 361 776 775)
4(280 695 776 361)
4(71 361 776 486)
4(200 615 614 199)
4(55 470 615 200)
4(280 281 696 695)
4(200 615 696 281)
4(361 362 777 776)
4(281 696 777 362)
4(72 362 777 487)
4(201 616 615 200)
4(54 469 616 201)
4(281 282 697 696)
4(201 616 697 282)
4(362 363 778 777)
4(282 697 778 363)
4(73 363 778 488)
4(202 617 616 201)
4(53 468 617 202)
4(282 283 698 697)
4(202 617 698 283)
4(363 364 779 778)
4(283 698 779 364)
4(74 364 779 489)
4(203 618 617 202)
4(52 467 618 203)
4(283 284 699 698)
4(203 618 699 284)
4(364 365 780 779)
4(284 699 780 365)
4(75 365 780 490)
4(204 619 618 203)
4(51 466 619 204)
4(284 285 700 699)
4(204 619 700 285)
4(365 366 781 780)
4(285 700 781 366)
4(76 366 781 491)
4(205 620 619 204)
4(50 465 620 205)
4(285 286 701 700)
4(205 620 701 286)
4(366 367 782 781)
4(286 701 782 367)
4(77 367 782 492)
4(206 621 620 205)
4(49 464 621 206)
4(286 287 702 701)
4(206 621 702 287)
4(367 368 783 782)
4(287 702 783 368)
4(78 368 783 493)
4(207 622 621 206)
4(48 463 622 207)
4(287 288 703 702)
4(207 622 703 288)
4(368 369 784 783)
4(288 703 784 369)
4(79 369 784 494)
4(208 623 622 207)
4(47 462 623 208)
4(288 289 704 703)
4(208 623 704 289)
4(369 370 785 784)
4(289 704 785 370)
4(80 370 785 495)
4(209 624 623 208)
4(46 461 624 209)
4(289 290 705 704)
4(209 624 705 290)
4(370 371 786 785)
4(290 705 786 371)
4(81 371 786 496)
4(210 625 624 209)
4(45 460 625 210)
4(290 291 706 705)
4(210 625 706 291)
4(371 372 787 786)
4(291 706 787 372)
4(82 372 787 497)
4(211 626 625 210)
4(44 459 626 211)
4(291 292 707 706)
4(211 626 707 292)
4(372 373 788 787)
4(292 707 788 373)
4(83 373 788 498)
4(212 627 626 211)
4(43 458 627 212)
4(292 293 708 707)
4(212 627 708 293)
4(373 374 789 788)
4(293 708 789 374)
4(84 374 789 499)
4(213 628 627 212)
4(42 457 628 213)
4(293 294 709 708)
4(213 628 709 294)
4(374 375 790 789)
4(294 709 790 375)
4(85 375 790 500)
4(214 629 628 213)
4(41 456 629 214)
4(294 295 710 709)
4(214 629 710 295)
4(375 376 791 790)
4(295 710 791 376)
4(86 376 791 501)
4(215 630 629 214)
4(40 455 630 215)
4(295 296 711 710)
4(215 630 711 296)
4(376 377 792 791)
4(296 711 792 377)
4(87 377 792 502)
4(216 631 630 215)
4(39 454 631 216)
4(296 297 712 711)
4(216 631 712 297)
4(377 378 793 792)
4(297 712 793 378)
4(88 378 793 503)
4(217 632 631 216)
4(38 453 632 217)
4(297 298 713 712)
4(217 632 713 298)
4(378 379 794 793)
4(298 713 794 379)
4(89 379 794 504)
4(218 633 632 217)
4(37 452 633 218)
4(298 299 714 713)
4(218 633 714 299)
4(379 380 795 794)
4(299 714 795 380)
4(90 380 795 505)
4(219 634 633 218)
4(36 451 634 219)
4(299 300 715 714)
4(219 634 715 300)
4(380 381 796 795)
4(300 715 796 381)
4(91 381 796 506)
4(220 635 634 219)
4(35 450 635 220)
4(300 301 716 715)
4(220 635 716 301)
4(381 382 797 796)
4(301 716 797 382)
4(92 382 797 507)
4(221 636 635 220)
4(34 449 636 221)
4(301 302 717 716)
4(221 636 717 302)
4(382 383 798 797)
4(302 717 798 383)
4(93 383 798 508)
4(222 637 636 221)
4(33 448 637 222)
4(302 303 718 717)
4(222 637 718 303)
4(383 384 799 798)
4(303 718 799 384)
4(94 384 799 509)
4(223 638 637 222)
4(32 447 638 223)
4(303 304 719 718)
4(223 638 719 304)
4(384 385 800 799)
4(304 719 800 385)
4(95 385 800 510)
4(224 639 638 223)
4(31 446 639 224)
4(304 305 720 719)
4(224 639 720 305)
4(385 386 801 800)
4(305 720 801 386)
4(96 386 801 511)
4(225 640 639 224)
4(30 445 640 225)
4(305 306 721 720)
4(225 640 721 306)
4(386 387 802 801)
4(306 721 802 387)
4(97 387 802 512)
4(226 641 640 225)
4(29 444 641 226)
4(306 307 722 721)
4(226 641 722 307)
4(387 388 803 802)
4(307 722 803 388)
4(98 388 803 513)
4(227 642 641 226)
4(28 443 642 227)
4(307 308 723 722)
4(227 642 723 308)
4(388 389 804 803)
4(308 723 804 389)
4(99 389 804 514)
4(228 643 642 227)
4(27 442 643 228)
4(308 309 724 723)
4(228 643 724 309)
4(389 390 805 804)
4(309 724 805 390)
4(100 390 805 515)
4(229 644 643 228)
4(26 441 644 229)
4(309 310 725 724)
4(229 644 725 310)
4(390 391 806 805)
4(310 725 806 391)
4(101 391 806 516)
4(230 645 644 229)
4(25 440 645 230)
4(310 311 726 725)
4(230 645 726 311)
4(391 392 807 806)
4(311 726 807 392)
4(102 392 807 517)
4(231 646 645 230)
4(24 439 646 231)
4(311 312 727 726)
4(231 646 727 312)
4(392 393 808 807)
4(312 727 808 393)
4(103 393 808 518)
4(232 647 646 231)
4(23 438 647 232)
4(312 313 728 727)
4(232 647 728 313)
4(393 394 809 808)
4(313 728 809 394)
4(104 394 809 519)
4(233 648 647 232)
4(22 437 648 233)
4(313 314 729 728)
4(233 648 729 314)
4(394 395 810 809)
4(314 729 810 395)
4(105 395 810 520)
4(234 649 648 233)
4(21 436 649 234)
4(314 315 730 729)
4(234 649 730 315)
4(395 396 811 810)
4(315 730 811 396)
4(106 396 811 521)
4(235 650 649 234)
4(20 435 650 235)
4(315 316 731 730)
4(235 650 731 316)
4(396 397 812 811)
4(316 731 812 397)
4(107 397 812 522)
4(236 651 650 235)
4(19 434 651 236)
4(316 317 732 731)
4(236 651 732 317)
4(397 398 813 812)
4(317 732 813 398)
4(108 398 813 523)
4(237 652 651 236)
4(18 433 652 237)
4(317 318 733 732)
4(237 652 733 318)
4(398 399 814 813)
4(318 733 814 399)
4(109 399 814 524)
4(238 653 652 237)
4(17 432 653 238)
4(318 319 734 733)
4(238 653 734 319)
4(399 400 815 814)
4(319 734 815 400)
4(110 400 815 525)
4(239 654 653 238)
4(16 431 654 239)
4(319 320 735 734)
4(239 654 735 320)
4(400 401 816 815)
4(320 735 816 401)
4(111 401 816 526)
4(240 655 654 239)
4(15 430 655 240)
4(320 321 736 735)
4(240 655 736 321)
4(401 402 817 816)
4(321 736 817 402)
4(112 402 817 527)
4(241 656 655 240)
4(14 429 656 241)
4(321 322 737 736)
4(241 656 737 322)
4(402 403 818 817)
4(322 737 818 403)
4(113 403 818 528)
4(242 657 656 241)
4(13 428 657 242)
4(322 323 738 737)
4(242 657 738 323)
4(403 404 819 818)
4(323 738 819 404)
4(114 404 819 529)
4(243 658 657 242)
4(12 427 658 243)
4(323 324 739 738)
4(243 658 739 324)
4(404 405 820 819)
4(324 739 820 405)
4(115 405 820 530)
4(244 659 658 243)
4(11 426 659 244)
4(324 325 740 739)
4(244 659 740 325)
4(405 406 821 820)
4(325 740 821 406)
4(116 406 821 531)
4(245 660 659 244)
4(10 425 660 245)
4(325 326 741 740)
4(245 660 741 326)
4(406 407 822 821)
4(326 741 822 407)
4(117 407 822 532)
4(246 661 660 245)
4(9 424 661 246)
4(326 327 742 741)
4(246 661 742 327)
4(407 408 823 822)
4(327 742 823 408)
4(118 408 823 533)
4(247 662 661 246)
4(8 423 662 247)
4(327 328 743 742)
4(247 662 743 328)
4(408 409 824 823)
4(328 743 824 409)
4(119 409 824 534)
4(248 663 662 247)
4(7 422 663 248)
4(328 329 744 743)
4(248 663 744 329)
4(409 410 825 824)
4(329 744 825 410)
4(120 410 825 535)
4(249 664 663 248)
4(6 421 664 249)
4(329 330 745 744)
4(249 664 745 330)
4(410 411 826 825)
4(330 745 826 411)
4(121 411 826 536)
4(250 665 664 249)
4(5 420 665 250)
4(330 331 746 745)
4(250 665 746 331)
4(411 412 827 826)
4(331 746 827 412)
4(122 412 827 537)
4(251 666 665 250)
4(4 419 666 251)
4(331 332 747 746)
4(251 666 747 332)
4(412 413 828 827)
4(332 747 828 413)
4(123 413 828 538)
4(252 667 666 251)
4(3 418 667 252)
4(332 333 748 747)
4(252 667 748 333)
4(413 414 829 828)
4(333 748 829 414)
4(124 414 829 539)
4(63 478 667 252)
4(62 477 748 333)
4(65 480 829 414)
4(147 169 584 562)
4(169 170 585 584)
4(170 171 586 585)
4(171 125 540 586)
4(147 562 583 168)
4(125 126 541 540)
4(167 168 583 582)
4(126 127 542 541)
4(166 167 582 581)
4(127 128 543 542)
4(165 166 581 580)
4(128 129 544 543)
4(164 165 580 579)
4(129 130 545 544)
4(163 164 579 578)
4(130 131 546 545)
4(162 163 578 577)
4(131 132 547 546)
4(161 162 577 576)
4(132 133 548 547)
4(160 161 576 575)
4(133 134 549 548)
4(159 160 575 574)
4(134 135 550 549)
4(158 159 574 573)
4(135 136 551 550)
4(157 158 573 572)
4(136 137 552 551)
4(156 157 572 571)
4(137 138 553 552)
4(155 156 571 570)
4(138 139 554 553)
4(154 155 570 569)
4(139 140 555 554)
4(153 154 569 568)
4(140 141 556 555)
4(152 153 568 567)
4(141 142 557 556)
4(151 152 567 566)
4(142 143 558 557)
4(150 151 566 565)
4(143 144 559 558)
4(149 150 565 564)
4(144 145 560 559)
4(148 149 564 563)
4(145 146 561 560)
4(1 148 563 416)
4(146 0 415 561)
4(61 1 416 476)
4(0 66 481 415)
4(60 61 476 475)
4(66 67 482 481)
4(59 60 475 474)
4(67 68 483 482)
4(58 59 474 473)
4(68 69 484 483)
4(57 58 473 472)
4(69 70 485 484)
4(56 57 472 471)
4(70 71 486 485)
4(55 56 471 470)
4(71 72 487 486)
4(54 55 470 469)
4(72 73 488 487)
4(53 54 469 468)
4(73 74 489 488)
4(52 53 468 467)
4(74 75 490 489)
4(51 52 467 466)
4(75 76 491 490)
4(50 51 466 465)
4(76 77 492 491)
4(49 50 465 464)
4(77 78 493 492)
4(48 49 464 463)
4(78 79 494 493)
4(47 48 463 462)
4(79 80 495 494)
4(46 47 462 461)
4(80 81 496 495)
4(45 46 461 460)
4(81 82 497 496)
4(44 45 460 459)
4(82 83 498 497)
4(43 44 459 458)
4(83 84 499 498)
4(42 43 458 457)
4(84 85 500 499)
4(41 42 457 456)
4(85 86 501 500)
4(40 41 456 455)
4(86 87 502 501)
4(39 40 455 454)
4(87 88 503 502)
4(38 39 454 453)
4(88 89 504 503)
4(37 38 453 452)
4(89 90 505 504)
4(36 37 452 451)
4(90 91 506 505)
4(35 36 451 450)
4(91 92 507 506)
4(34 35 450 449)
4(92 93 508 507)
4(33 34 449 448)
4(93 94 509 508)
4(32 33 448 447)
4(94 95 510 509)
4(31 32 447 446)
4(95 96 511 510)
4(30 31 446 445)
4(96 97 512 511)
4(29 30 445 444)
4(97 98 513 512)
4(28 29 444 443)
4(98 99 514 513)
4(27 28 443 442)
4(99 100 515 514)
4(26 27 442 441)
4(100 101 516 515)
4(25 26 441 440)
4(101 102 517 516)
4(24 25 440 439)
4(102 103 518 517)
4(23 24 439 438)
4(103 104 519 518)
4(22 23 438 437)
4(104 105 520 519)
4(21 22 437 436)
4(105 106 521 520)
4(20 21 436 435)
4(106 107 522 521)
4(19 20 435 434)
4(107 108 523 522)
4(18 19 434 433)
4(108 109 524 523)
4(17 18 433 432)
4(109 110 525 524)
4(16 17 432 431)
4(110 111 526 525)
4(15 16 431 430)
4(111 112 527 526)
4(14 15 430 429)
4(112 113 528 527)
4(13 14 429 428)
4(113 114 529 528)
4(12 13 428 427)
4(114 115 530 529)
4(11 12 427 426)
4(115 116 531 530)
4(10 11 426 425)
4(116 117 532 531)
4(9 10 425 424)
4(117 118 533 532)
4(8 9 424 423)
4(118 119 534 533)
4(7 8 423 422)
4(119 120 535 534)
4(6 7 422 421)
4(120 121 536 535)
4(5 6 421 420)
4(121 122 537 536)
4(4 5 420 419)
4(122 123 538 537)
4(3 4 419 418)
4(123 124 539 538)
4(2 3 418 417)
4(63 2 417 478)
4(62 63 478 477)
4(65 62 477 480)
4(64 65 480 479)
4(124 64 479 539)
4(147 168 172 169)
4(562 584 587 583)
4(169 172 253 170)
4(584 585 668 587)
4(170 253 334 171)
4(585 586 749 668)
4(171 334 126 125)
4(586 540 541 749)
4(167 173 172 168)
4(582 583 587 588)
4(172 173 254 253)
4(587 668 669 588)
4(253 254 335 334)
4(668 749 750 669)
4(126 334 335 127)
4(541 542 750 749)
4(166 174 173 167)
4(581 582 588 589)
4(173 174 255 254)
4(588 669 670 589)
4(254 255 336 335)
4(669 750 751 670)
4(127 335 336 128)
4(542 543 751 750)
4(165 175 174 166)
4(580 581 589 590)
4(174 175 256 255)
4(589 670 671 590)
4(255 256 337 336)
4(670 751 752 671)
4(128 336 337 129)
4(543 544 752 751)
4(164 176 175 165)
4(579 580 590 591)
4(175 176 257 256)
4(590 671 672 591)
4(256 257 338 337)
4(671 752 753 672)
4(129 337 338 130)
4(544 545 753 752)
4(163 177 176 164)
4(578 579 591 592)
4(176 177 258 257)
4(591 672 673 592)
4(257 258 339 338)
4(672 753 754 673)
4(130 338 339 131)
4(545 546 754 753)
4(162 178 177 163)
4(577 578 592 593)
4(177 178 259 258)
4(592 673 674 593)
4(258 259 340 339)
4(673 754 755 674)
4(131 339 340 132)
4(546 547 755 754)
4(161 179 178 162)
4(576 577 593 594)
4(178 179 260 259)
4(593 674 675 594)
4(259 260 341 340)
4(674 755 756 675)
4(132 340 341 133)
4(547 548 756 755)
4(160 180 179 161)
4(575 576 594 595)
4(179 180 261 260)
4(594 675 676 595)
4(260 261 342 341)
4(675 756 757 676)
4(133 341 342 134)
4(548 549 757 756)
4(159 181 180 160)
4(574 575 595 596)
4(180 181 262 261)
4(595 676 677 596)
4(261 262 343 342)
4(676 757 758 677)
4(134 342 343 135)
4(549 550 758 757)
4(158 182 181 159)
4(573 574 596 597)
4(181 182 263 262)
4(596 677 678 597)
4(262 263 344 343)
4(677 758 759 678)
4(135 343 344 136)
4(550 551 759 758)
4(157 183 182 158)
4(572 573 597 598)
4(182 183 264 263)
4(597 678 679 598)
4(263 264 345 344)
4(678 759 760 679)
4(136 344 345 137)
4(551 552 760 759)
4(156 184 183 157)
4(571 572 598 599)
4(183 184 265 264)
4(598 679 680 599)
4(264 265 346 345)
4(679 760 761 680)
4(137 345 346 138)
4(552 553 761 760)
4(155 185 184 156)
4(570 571 599 600)
4(184 185 266 265)
4(599 680 681 600)
4(265 266 347 346)
4(680 761 762 681)
4(138 346 347 139)
4(553 554 762 761)
4(154 186 185 155)
4(569 570 600 601)
4(185 186 267 266)
4(600 681 682 601)
4(266 267 348 347)
4(681 762 763 682)
4(139 347 348 140)
4(554 555 763 762)
4(153 187 186 154)
4(568 569 601 602)
4(186 187 268 267)
4(601 682 683 602)
4(267 268 349 348)
4(682 763 764 683)
4(140 348 349 141)
4(555 556 764 763)
4(152 188 187 153)
4(567 568 602 603)
4(187 188 269 268)
4(602 683 684 603)
4(268 269 350 349)
4(683 764 765 684)
4(141 349 350 142)
4(556 557 765 764)
4(151 189 188 152)
4(566 567 603 604)
4(188 189 270 269)
4(603 684 685 604)
4(269 270 351 350)
4(684 765 766 685)
4(142 350 351 143)
4(557 558 766 765)
4(150 190 189 151)
4(565 566 604 605)
4(189 190 271 270)
4(604 685 686 605)
4(270 271 352 351)
4(685 766 767 686)
4(143 351 352 144)
4(558 559 767 766)
4(149 191 190 150)
4(564 565 605 606)
4(190 191 272 271)
4(605 686 687 606)
4(271 272 353 352)
4(686 767 768 687)
4(144 352 353 145)
4(559 560 768 767)
4(148 192 191 149)
4(563 564 606 607)
4(191 192 273 272)
4(606 687 688 607)
4(272 273 354 353)
4(687 768 769 688)
4(145 353 354 146)
4(560 561 769 768)
4(1 193 192 148)
4(416 563 607 608)
4(192 193 274 273)
4(607 688 689 608)
4(273 274 355 354)
4(688 769 770 689)
4(146 354 355 0)
4(561 415 770 769)
4(61 194 193 1)
4(476 416 608 609)
4(193 194 275 274)
4(608 689 690 609)
4(274 275 356 355)
4(689 770 771 690)
4(0 355 356 66)
4(415 481 771 770)
4(60 195 194 61)
4(475 476 609 610)
4(194 195 276 275)
4(609 690 691 610)
4(275 276 357 356)
4(690 771 772 691)
4(66 356 357 67)
4(481 482 772 771)
4(59 196 195 60)
4(474 475 610 611)
4(195 196 277 276)
4(610 691 692 611)
4(276 277 358 357)
4(691 772 773 692)
4(67 357 358 68)
4(482 483 773 772)
4(58 197 196 59)
4(473 474 611 612)
4(196 197 278 277)
4(611 692 693 612)
4(277 278 359 358)
4(692 773 774 693)
4(68 358 359 69)
4(483 484 774 773)
4(57 198 197 58)
4(472 473 612 613)
4(197 198 279 278)
4(612 693 694 613)
4(278 279 360 359)
4(693 774 775 694)
4(69 359 360 70)
4(484 485 775 774)
4(56 199 198 57)
4(471 472 613 614)
4(198 199 280 279)
4(613 694 695 614)
4(279 280 361 360)
4(694 775 776 695)
4(70 360 361 71)
4(485 486 776 775)
4(55 200 199 56)
4(470 471 614 615)
4(199 200 281 280)
4(614 695 696 615)
4(280 281 362 361)
4(695 776 777 696)
4(71 361 362 72)
4(486 487 777 776)
4(54 201 200 55)
4(469 470 615 616)
4(200 201 282 281)
4(615 696 697 616)
4(281 282 363 362)
4(696 777 778 697)
4(72 362 363 73)
4(487 488 778 777)
4(53 202 201 54)
4(468 469 616 617)
4(201 202 283 282)
4(616 697 698 617)
4(282 283 364 363)
4(697 778 779 698)
4(73 363 364 74)
4(488 489 779 778)
4(52 203 202 53)
4(467 468 617 618)
4(202 203 284 283)
4(617 698 699 618)
4(283 284 365 364)
4(698 779 780 699)
4(74 364 365 75)
4(489 490 780 779)
4(51 204 203 52)
4(466 467 618 619)
4(203 204 285 284)
4(618 699 700 619)
4(284 285 366 365)
4(699 780 781 700)
4(75 365 366 76)
4(490 491 781 780)
4(50 205 204 51)
4(465 466 619 620)
4(204 205 286 285)
4(619 700 701 620)
4(285 286 367 366)
4(700 781 782 701)
4(76 366 367 77)
4(491 492 782 781)
4(49 206 205 50)
4(464 465 620 621)
4(205 206 287 286)
4(620 701 702 621)
4(286 287 368 367)
4(701 782 783 702)
4(77 367 368 78)
4(492 493 783 782)
4(48 207 206 49)
4(463 464 621 622)
4(206 207 288 287)
4(621 702 703 622)
4(287 288 369 368)
4(702 783 784 703)
4(78 368 369 79)
4(493 494 784 783)
4(47 208 207 48)
4(462 463 622 623)
4(207 208 289 288)
4(622 703 704 623)
4(288 289 370 369)
4(703 784 785 704)
4(79 369 370 80)
4(494 495 785 784)
4(46 209 208 47)
4(461 462 623 624)
4(208 209 290 289)
4(623 704 705 624)
4(289 290 371 370)
4(704 785 786 705)
4(80 370 371 81)
4(495 496 786 785)
4(45 210 209 46)
4(460 461 624 625)
4(209 210 291 290)
4(624 705 706 625)
4(290 291 372 371)
4(705 786 787 706)
4(81 371 372 82)
4(496 497 787 786)
4(44 211 210 45)
4(459 460 625 626)
4(210 211 292 291)
4(625 706 707 626)
4(291 292 373 372)
4(706 787 788 707)
4(82 372 373 83)
4(497 498 788 787)
4(43 212 211 44)
4(458 459 626 627)
4(211 212 293 292)
4(626 707 708 627)
4(292 293 374 373)
4(707 788 789 708)
4(83 373 374 84)
4(498 499 789 788)
4(42 213 212 43)
4(457 458 627 628)
4(212 213 294 293)
4(627 708 709 628)
4(293 294 375 374)
4(708 789 790 709)
4(84 374 375 85)
4(499 500 790 789)
4(41 214 213 42)
4(456 457 628 629)
4(213 214 295 294)
4(628 709 710 629)
4(294 295 376 375)
4(709 790 791 710)
4(85 375 376 86)
4(500 501 791 790)
4(40 215 214 41)
4(455 456 629 630)
4(214 215 296 295)
4(629 710 711 630)
4(295 296 377 376)
4(710 791 792 711)
4(86 376 377 87)
4(501 502 792 791)
4(39 216 215 40)
4(454 455 630 631)
4(215 216 297 296)
4(630 711 712 631)
4(296 297 378 377)
4(711 792 793 712)
4(87 377 378 88)
4(502 503 793 792)
4(38 217 216 39)
4(453 454 631 632)
4(216 217 298 297)
4(631 712 713 632)
4(297 298 379 378)
4(712 793 794 713)
4(88 378 379 89)
4(503 504 794 793)
4(37 218 217 38)
4(452 453 632 633)
4(217 218 299 298)
4(632 713 714 633)
4(298 299 380 379)
4(713 794 795 714)
4(89 379 380 90)
4(504 505 795 794)
4(36 219 218 37)
4(451 452 633 634)
4(218 219 300 299)
4(633 714 715 634)
4(299 300 381 380)
4(714 795 796 715)
4(90 380 381 91)
4(505 506 796 795)
4(35 220 219 36)
4(450 451 634 635)
4(219 220 301 300)
4(634 715 716 635)
4(300 301 382 381)
4(715 796 797 716)
4(91 381 382 92)
4(506 507 797 796)
4(34 221 220 35)
4(449 450 635 636)
4(220 221 302 301)
4(635 716 717 636)
4(301 302 383 382)
4(716 797 798 717)
4(92 382 383 93)
4(507 508 798 797)
4(33 222 221 34)
4(448 449 636 637)
4(221 222 303 302)
4(636 717 718 637)
4(302 303 384 383)
4(717 798 799 718)
4(93 383 384 94)
4(508 509 799 798)
4(32 223 222 33)
4(447 448 637 638)
4(222 223 304 303)
4(637 718 719 638)
4(303 304 385 384)
4(718 799 800 719)
4(94 384 385 95)
4(509 510 800 799)
4(31 224 223 32)
4(446 447 638 639)
4(223 224 305 304)
4(638 719 720 639)
4(304 305 386 385)
4(719 800 801 720)
4(95 385 386 96)
4(510 511 801 800)
4(30 225 224 31)
4(445 446 639 640)
4(224 225 306 305)
4(639 720 721 640)
4(305 306 387 386)
4(720 801 802 721)
4(96 386 387 97)
4(511 512 802 801)
4(29 226 225 30)
4(444 445 640 641)
4(225 226 307 306)
4(640 721 722 641)
4(306 307 388 387)
4(721 802 803 722)
4(97 387 388 98)
4(512 513 803 802)
4(28 227 226 29)
4(443 444 641 642)
4(226 227 308 307)
4(641 722 723 642)
4(307 308 389 388)
4(722 803 804 723)
4(98 388 389 99)
4(513 514 804 803)
4(27 228 227 28)
4(442 443 642 643)
4(227 228 309 308)
4(642 723 724 643)
4(308 309 390 389)
4(723 804 805 724)
4(99 389 390 100)
4(514 515 805 804)
4(26 229 228 27)
4(441 442 643 644)
4(228 229 310 309)
4(643 724 725 644)
4(309 310 391 390)
4(724 805 806 725)
4(100 390 391 101)
4(515 516 806 805)
4(25 230 229 26)
4(440 441 644 645)
4(229 230 311 310)
4(644 725 726 645)
4(310 311 392 391)
4(725 806 807 726)
4(101 391 392 102)
4(516 517 807 806)
4(24 231 230 25)
4(439 440 645 646)
4(230 231 312 311)
4(645 726 727 646)
4(311 312 393 392)
4(726 807 808 727)
4(102 392 393 103)
4(517 518 808 807)
4(23 232 231 24)
4(438 439 646 647)
4(231 232 313 312)
4(646 727 728 647)
4(312 313 394 393)
4(727 808 809 728)
4(103 393 394 104)
4(518 519 809 808)
4(22 233 232 23)
4(437 438 647 648)
4(232 233 314 313)
4(647 728 729 648)
4(313 314 395 394)
4(728 809 810 729)
4(104 394 395 105)
4(519 520 810 809)
4(21 234 233 22)
4(436 437 648 649)
4(233 234 315 314)
4(648 729 730 649)
4(314 315 396 395)
4(729 810 811 730)
4(105 395 396 106)
4(520 521 811 810)
4(20 235 234 21)
4(435 436 649 650)
4(234 235 316 315)
4(649 730 731 650)
4(315 316 397 396)
4(730 811 812 731)
4(106 396 397 107)
4(521 522 812 811)
4(19 236 235 20)
4(434 435 650 651)
4(235 236 317 316)
4(650 731 732 651)
4(316 317 398 397)
4(731 812 813 732)
4(107 397 398 108)
4(522 523 813 812)
4(18 237 236 19)
4(433 434 651 652)
4(236 237 318 317)
4(651 732 733 652)
4(317 318 399 398)
4(732 813 814 733)
4(108 398 399 109)
4(523 524 814 813)
4(17 238 237 18)
4(432 433 652 653)
4(237 238 319 318)
4(652 733 734 653)
4(318 319 400 399)
4(733 814 815 734)
4(109 399 400 110)
4(524 525 815 814)
4(16 239 238 17)
4(431 432 653 654)
4(238 239 320 319)
4(653 734 735 654)
4(319 320 401 400)
4(734 815 816 735)
4(110 400 401 111)
4(525 526 816 815)
4(15 240 239 16)
4(430 431 654 655)
4(239 240 321 320)
4(654 735 736 655)
4(320 321 402 401)
4(735 816 817 736)
4(111 401 402 112)
4(526 527 817 816)
4(14 241 240 15)
4(429 430 655 656)
4(240 241 322 321)
4(655 736 737 656)
4(321 322 403 402)
4(736 817 818 737)
4(112 402 403 113)
4(527 528 818 817)
4(13 242 241 14)
4(428 429 656 657)
4(241 242 323 322)
4(656 737 738 657)
4(322 323 404 403)
4(737 818 819 738)
4(113 403 404 114)
4(528 529 819 818)
4(12 243 242 13)
4(427 428 657 658)
4(242 243 324 323)
4(657 738 739 658)
4(323 324 405 404)
4(738 819 820 739)
4(114 404 405 115)
4(529 530 820 819)
4(11 244 243 12)
4(426 427 658 659)
4(243 244 325 324)
4(658 739 740 659)
4(324 325 406 405)
4(739 820 821 740)
4(115 405 406 116)
4(530 531 821 820)
4(10 245 244 11)
4(425 426 659 660)
4(244 245 326 325)
4(659 740 741 660)
4(325 326 407 406)
4(740 821 822 741)
4(116 406 407 117)
4(531 532 822 821)
4(9 246 245 10)
4(424 425 660 661)
4(245 246 327 326)
4(660 741 742 661)
4(326 327 408 407)
4(741 822 823 742)
4(117 407 408 118)
4(532 533 823 822)
4(8 247 246 9)
4(423 424 661 662)
4(246 247 328 327)
4(661 742 743 662)
4(327 328 409 408)
4(742 823 824 743)
4(118 408 409 119)
4(533 534 824 823)
4(7 248 247 8)
4(422 423 662 663)
4(247 248 329 328)
4(662 743 744 663)
4(328 329 410 409)
4(743 824 825 744)
4(119 409 410 120)
4(534 535 825 824)
4(6 249 248 7)
4(421 422 663 664)
4(248 249 330 329)
4(663 744 745 664)
4(329 330 411 410)
4(744 825 826 745)
4(120 410 411 121)
4(535 536 826 825)
4(5 250 249 6)
4(420 421 664 665)
4(249 250 331 330)
4(664 745 746 665)
4(330 331 412 411)
4(745 826 827 746)
4(121 411 412 122)
4(536 537 827 826)
4(4 251 250 5)
4(419 420 665 666)
4(250 251 332 331)
4(665 746 747 666)
4(331 332 413 412)
4(746 827 828 747)
4(122 412 413 123)
4(537 538 828 827)
4(3 252 251 4)
4(418 419 666 667)
4(251 252 333 332)
4(666 747 748 667)
4(332 333 414 413)
4(747 828 829 748)
4(123 413 414 124)
4(538 539 829 828)
4(63 252 3 2)
4(478 417 418 667)
4(62 333 252 63)
4(477 478 667 748)
4(65 414 333 62)
4(480 477 748 829)
4(124 414 65 64)
4(539 479 480 829)
)


// ************************************************************************* //
