/*--------------------------------*- C++ -*----------------------------------*\
| =========                 |                                                 |
| \\      /  F ield         | foam-extend: Open Source CFD                    |
|  \\    /   O peration     | Version:     3.1                                |
|   \\  /    A nd           | Web:         http://www.extend-project.de       |
|    \\/     M anipulation  |                                                 |
\*---------------------------------------------------------------------------*/
FoamFile
{
    version     2.0;
    format      ascii;
    class       vectorField;
    location    "constant/polyMesh";
    object      points;
}
// * * * * * * * * * * * * * * * * * * * * * * * * * * * * * * * * * * * * * //

3402
(
(0 0 0)
(0.0075 0 0)
(0.015 0 0)
(0.0225 0 0)
(0.03 0 0)
(0.0375 0 0)
(0.045 0 0)
(0.0525 0 0)
(0.06 0 0)
(0.0675 0 0)
(0.075 0 0)
(0.0825 0 0)
(0.09 0 0)
(0.0975 0 0)
(0.105 0 0)
(0.1125 0 0)
(0.12 0 0)
(0.1275 0 0)
(0.135 0 0)
(0.1425 0 0)
(0.15 0 0)
(0 0.005 0)
(0.0075 0.005 0)
(0.015 0.005 0)
(0.0225 0.005 0)
(0.03 0.005 0)
(0.0375 0.005 0)
(0.045 0.005 0)
(0.0525 0.005 0)
(0.06 0.005 0)
(0.0675 0.005 0)
(0.075 0.005 0)
(0.0825 0.005 0)
(0.09 0.005 0)
(0.0975 0.005 0)
(0.105 0.005 0)
(0.1125 0.005 0)
(0.12 0.005 0)
(0.1275 0.005 0)
(0.135 0.005 0)
(0.1425 0.005 0)
(0.15 0.005 0)
(0 0.01 0)
(0.0075 0.01 0)
(0.015 0.01 0)
(0.0225 0.01 0)
(0.03 0.01 0)
(0.0375 0.01 0)
(0.045 0.01 0)
(0.0525 0.01 0)
(0.06 0.01 0)
(0.0675 0.01 0)
(0.075 0.01 0)
(0.0825 0.01 0)
(0.09 0.01 0)
(0.0975 0.01 0)
(0.105 0.01 0)
(0.1125 0.01 0)
(0.12 0.01 0)
(0.1275 0.01 0)
(0.135 0.01 0)
(0.1425 0.01 0)
(0.15 0.01 0)
(0 0.015 0)
(0.0075 0.015 0)
(0.015 0.015 0)
(0.0225 0.015 0)
(0.03 0.015 0)
(0.0375 0.015 0)
(0.045 0.015 0)
(0.0525 0.015 0)
(0.06 0.015 0)
(0.0675 0.015 0)
(0.075 0.015 0)
(0.0825 0.015 0)
(0.09 0.015 0)
(0.0975 0.015 0)
(0.105 0.015 0)
(0.1125 0.015 0)
(0.12 0.015 0)
(0.1275 0.015 0)
(0.135 0.015 0)
(0.1425 0.015 0)
(0.15 0.015 0)
(0 0.02 0)
(0.0075 0.02 0)
(0.015 0.02 0)
(0.0225 0.02 0)
(0.03 0.02 0)
(0.0375 0.02 0)
(0.045 0.02 0)
(0.0525 0.02 0)
(0.06 0.02 0)
(0.0675 0.02 0)
(0.075 0.02 0)
(0.0825 0.02 0)
(0.09 0.02 0)
(0.0975 0.02 0)
(0.105 0.02 0)
(0.1125 0.02 0)
(0.12 0.02 0)
(0.1275 0.02 0)
(0.135 0.02 0)
(0.1425 0.02 0)
(0.15 0.02 0)
(0 0.025 0)
(0.0075 0.025 0)
(0.015 0.025 0)
(0.0225 0.025 0)
(0.03 0.025 0)
(0.0375 0.025 0)
(0.045 0.025 0)
(0.0525 0.025 0)
(0.06 0.025 0)
(0.0675 0.025 0)
(0.075 0.025 0)
(0.0825 0.025 0)
(0.09 0.025 0)
(0.0975 0.025 0)
(0.105 0.025 0)
(0.1125 0.025 0)
(0.12 0.025 0)
(0.1275 0.025 0)
(0.135 0.025 0)
(0.1425 0.025 0)
(0.15 0.025 0)
(0 0.03 0)
(0.0075 0.03 0)
(0.015 0.03 0)
(0.0225 0.03 0)
(0.03 0.03 0)
(0.0375 0.03 0)
(0.045 0.03 0)
(0.0525 0.03 0)
(0.06 0.03 0)
(0.0675 0.03 0)
(0.075 0.03 0)
(0.0825 0.03 0)
(0.09 0.03 0)
(0.0975 0.03 0)
(0.105 0.03 0)
(0.1125 0.03 0)
(0.12 0.03 0)
(0.1275 0.03 0)
(0.135 0.03 0)
(0.1425 0.03 0)
(0.15 0.03 0)
(0 0.035 0)
(0.0075 0.035 0)
(0.015 0.035 0)
(0.0225 0.035 0)
(0.03 0.035 0)
(0.0375 0.035 0)
(0.045 0.035 0)
(0.0525 0.035 0)
(0.06 0.035 0)
(0.0675 0.035 0)
(0.075 0.035 0)
(0.0825 0.035 0)
(0.09 0.035 0)
(0.0975 0.035 0)
(0.105 0.035 0)
(0.1125 0.035 0)
(0.12 0.035 0)
(0.1275 0.035 0)
(0.135 0.035 0)
(0.1425 0.035 0)
(0.15 0.035 0)
(0 0.04 0)
(0.0075 0.04 0)
(0.015 0.04 0)
(0.0225 0.04 0)
(0.03 0.04 0)
(0.0375 0.04 0)
(0.045 0.04 0)
(0.0525 0.04 0)
(0.06 0.04 0)
(0.0675 0.04 0)
(0.075 0.04 0)
(0.0825 0.04 0)
(0.09 0.04 0)
(0.0975 0.04 0)
(0.105 0.04 0)
(0.1125 0.04 0)
(0.12 0.04 0)
(0.1275 0.04 0)
(0.135 0.04 0)
(0.1425 0.04 0)
(0.15 0.04 0)
(0 0.045 0)
(0.0075 0.045 0)
(0.015 0.045 0)
(0.0225 0.045 0)
(0.03 0.045 0)
(0.0375 0.045 0)
(0.045 0.045 0)
(0.0525 0.045 0)
(0.06 0.045 0)
(0.0675 0.045 0)
(0.075 0.045 0)
(0.0825 0.045 0)
(0.09 0.045 0)
(0.0975 0.045 0)
(0.105 0.045 0)
(0.1125 0.045 0)
(0.12 0.045 0)
(0.1275 0.045 0)
(0.135 0.045 0)
(0.1425 0.045 0)
(0.15 0.045 0)
(0 0.05 0)
(0.0075 0.05 0)
(0.015 0.05 0)
(0.0225 0.05 0)
(0.03 0.05 0)
(0.0375 0.05 0)
(0.045 0.05 0)
(0.0525 0.05 0)
(0.06 0.05 0)
(0.0675 0.05 0)
(0.075 0.05 0)
(0.0825 0.05 0)
(0.09 0.05 0)
(0.0975 0.05 0)
(0.105 0.05 0)
(0.1125 0.05 0)
(0.12 0.05 0)
(0.1275 0.05 0)
(0.135 0.05 0)
(0.1425 0.05 0)
(0.15 0.05 0)
(0 0.055 0)
(0.0075 0.055 0)
(0.015 0.055 0)
(0.0225 0.055 0)
(0.03 0.055 0)
(0.0375 0.055 0)
(0.045 0.055 0)
(0.0525 0.055 0)
(0.06 0.055 0)
(0.0675 0.055 0)
(0.075 0.055 0)
(0.0825 0.055 0)
(0.09 0.055 0)
(0.0975 0.055 0)
(0.105 0.055 0)
(0.1125 0.055 0)
(0.12 0.055 0)
(0.1275 0.055 0)
(0.135 0.055 0)
(0.1425 0.055 0)
(0.15 0.055 0)
(0 0.06 0)
(0.0075 0.06 0)
(0.015 0.06 0)
(0.0225 0.06 0)
(0.03 0.06 0)
(0.0375 0.06 0)
(0.045 0.06 0)
(0.0525 0.06 0)
(0.06 0.06 0)
(0.0675 0.06 0)
(0.075 0.06 0)
(0.0825 0.06 0)
(0.09 0.06 0)
(0.0975 0.06 0)
(0.105 0.06 0)
(0.1125 0.06 0)
(0.12 0.06 0)
(0.1275 0.06 0)
(0.135 0.06 0)
(0.1425 0.06 0)
(0.15 0.06 0)
(0 0.065 0)
(0.0075 0.065 0)
(0.015 0.065 0)
(0.0225 0.065 0)
(0.03 0.065 0)
(0.0375 0.065 0)
(0.045 0.065 0)
(0.0525 0.065 0)
(0.06 0.065 0)
(0.0675 0.065 0)
(0.075 0.065 0)
(0.0825 0.065 0)
(0.09 0.065 0)
(0.0975 0.065 0)
(0.105 0.065 0)
(0.1125 0.065 0)
(0.12 0.065 0)
(0.1275 0.065 0)
(0.135 0.065 0)
(0.1425 0.065 0)
(0.15 0.065 0)
(0 0.07 0)
(0.0075 0.07 0)
(0.015 0.07 0)
(0.0225 0.07 0)
(0.03 0.07 0)
(0.0375 0.07 0)
(0.045 0.07 0)
(0.0525 0.07 0)
(0.06 0.07 0)
(0.0675 0.07 0)
(0.075 0.07 0)
(0.0825 0.07 0)
(0.09 0.07 0)
(0.0975 0.07 0)
(0.105 0.07 0)
(0.1125 0.07 0)
(0.12 0.07 0)
(0.1275 0.07 0)
(0.135 0.07 0)
(0.1425 0.07 0)
(0.15 0.07 0)
(0 0.075 0)
(0.0075 0.075 0)
(0.015 0.075 0)
(0.0225 0.075 0)
(0.03 0.075 0)
(0.0375 0.075 0)
(0.045 0.075 0)
(0.0525 0.075 0)
(0.06 0.075 0)
(0.0675 0.075 0)
(0.075 0.075 0)
(0.0825 0.075 0)
(0.09 0.075 0)
(0.0975 0.075 0)
(0.105 0.075 0)
(0.1125 0.075 0)
(0.12 0.075 0)
(0.1275 0.075 0)
(0.135 0.075 0)
(0.1425 0.075 0)
(0.15 0.075 0)
(0 0.08 0)
(0.0075 0.08 0)
(0.015 0.08 0)
(0.0225 0.08 0)
(0.03 0.08 0)
(0.0375 0.08 0)
(0.045 0.08 0)
(0.0525 0.08 0)
(0.06 0.08 0)
(0.0675 0.08 0)
(0.075 0.08 0)
(0.0825 0.08 0)
(0.09 0.08 0)
(0.0975 0.08 0)
(0.105 0.08 0)
(0.1125 0.08 0)
(0.12 0.08 0)
(0.1275 0.08 0)
(0.135 0.08 0)
(0.1425 0.08 0)
(0.15 0.08 0)
(0 0.085 0)
(0.0075 0.085 0)
(0.015 0.085 0)
(0.0225 0.085 0)
(0.03 0.085 0)
(0.0375 0.085 0)
(0.045 0.085 0)
(0.0525 0.085 0)
(0.06 0.085 0)
(0.0675 0.085 0)
(0.075 0.085 0)
(0.0825 0.085 0)
(0.09 0.085 0)
(0.0975 0.085 0)
(0.105 0.085 0)
(0.1125 0.085 0)
(0.12 0.085 0)
(0.1275 0.085 0)
(0.135 0.085 0)
(0.1425 0.085 0)
(0.15 0.085 0)
(0 0.09 0)
(0.0075 0.09 0)
(0.015 0.09 0)
(0.0225 0.09 0)
(0.03 0.09 0)
(0.0375 0.09 0)
(0.045 0.09 0)
(0.0525 0.09 0)
(0.06 0.09 0)
(0.0675 0.09 0)
(0.075 0.09 0)
(0.0825 0.09 0)
(0.09 0.09 0)
(0.0975 0.09 0)
(0.105 0.09 0)
(0.1125 0.09 0)
(0.12 0.09 0)
(0.1275 0.09 0)
(0.135 0.09 0)
(0.1425 0.09 0)
(0.15 0.09 0)
(0 0.095 0)
(0.0075 0.095 0)
(0.015 0.095 0)
(0.0225 0.095 0)
(0.03 0.095 0)
(0.0375 0.095 0)
(0.045 0.095 0)
(0.0525 0.095 0)
(0.06 0.095 0)
(0.0675 0.095 0)
(0.075 0.095 0)
(0.0825 0.095 0)
(0.09 0.095 0)
(0.0975 0.095 0)
(0.105 0.095 0)
(0.1125 0.095 0)
(0.12 0.095 0)
(0.1275 0.095 0)
(0.135 0.095 0)
(0.1425 0.095 0)
(0.15 0.095 0)
(0 0.1 0)
(0.0075 0.1 0)
(0.015 0.1 0)
(0.0225 0.1 0)
(0.03 0.1 0)
(0.0375 0.1 0)
(0.045 0.1 0)
(0.0525 0.1 0)
(0.06 0.1 0)
(0.0675 0.1 0)
(0.075 0.1 0)
(0.0825 0.1 0)
(0.09 0.1 0)
(0.0975 0.1 0)
(0.105 0.1 0)
(0.1125 0.1 0)
(0.12 0.1 0)
(0.1275 0.1 0)
(0.135 0.1 0)
(0.1425 0.1 0)
(0.15 0.1 0)
(0 0 0.01)
(0.0075 0 0.01)
(0.015 0 0.01)
(0.0225 0 0.01)
(0.03 0 0.01)
(0.0375 0 0.01)
(0.045 0 0.01)
(0.0525 0 0.01)
(0.06 0 0.01)
(0.0675 0 0.01)
(0.075 0 0.01)
(0.0825 0 0.01)
(0.09 0 0.01)
(0.0975 0 0.01)
(0.105 0 0.01)
(0.1125 0 0.01)
(0.12 0 0.01)
(0.1275 0 0.01)
(0.135 0 0.01)
(0.1425 0 0.01)
(0.15 0 0.01)
(0 0.005 0.01)
(0.0075 0.005 0.01)
(0.015 0.005 0.01)
(0.0225 0.005 0.01)
(0.03 0.005 0.01)
(0.0375 0.005 0.01)
(0.045 0.005 0.01)
(0.0525 0.005 0.01)
(0.06 0.005 0.01)
(0.0675 0.005 0.01)
(0.075 0.005 0.01)
(0.0825 0.005 0.01)
(0.09 0.005 0.01)
(0.0975 0.005 0.01)
(0.105 0.005 0.01)
(0.1125 0.005 0.01)
(0.12 0.005 0.01)
(0.1275 0.005 0.01)
(0.135 0.005 0.01)
(0.1425 0.005 0.01)
(0.15 0.005 0.01)
(0 0.01 0.01)
(0.0075 0.01 0.01)
(0.015 0.01 0.01)
(0.0225 0.01 0.01)
(0.03 0.01 0.01)
(0.0375 0.01 0.01)
(0.045 0.01 0.01)
(0.0525 0.01 0.01)
(0.06 0.01 0.01)
(0.0675 0.01 0.01)
(0.075 0.01 0.01)
(0.0825 0.01 0.01)
(0.09 0.01 0.01)
(0.0975 0.01 0.01)
(0.105 0.01 0.01)
(0.1125 0.01 0.01)
(0.12 0.01 0.01)
(0.1275 0.01 0.01)
(0.135 0.01 0.01)
(0.1425 0.01 0.01)
(0.15 0.01 0.01)
(0 0.015 0.01)
(0.0075 0.015 0.01)
(0.015 0.015 0.01)
(0.0225 0.015 0.01)
(0.03 0.015 0.01)
(0.0375 0.015 0.01)
(0.045 0.015 0.01)
(0.0525 0.015 0.01)
(0.06 0.015 0.01)
(0.0675 0.015 0.01)
(0.075 0.015 0.01)
(0.0825 0.015 0.01)
(0.09 0.015 0.01)
(0.0975 0.015 0.01)
(0.105 0.015 0.01)
(0.1125 0.015 0.01)
(0.12 0.015 0.01)
(0.1275 0.015 0.01)
(0.135 0.015 0.01)
(0.1425 0.015 0.01)
(0.15 0.015 0.01)
(0 0.02 0.01)
(0.0075 0.02 0.01)
(0.015 0.02 0.01)
(0.0225 0.02 0.01)
(0.03 0.02 0.01)
(0.0375 0.02 0.01)
(0.045 0.02 0.01)
(0.0525 0.02 0.01)
(0.06 0.02 0.01)
(0.0675 0.02 0.01)
(0.075 0.02 0.01)
(0.0825 0.02 0.01)
(0.09 0.02 0.01)
(0.0975 0.02 0.01)
(0.105 0.02 0.01)
(0.1125 0.02 0.01)
(0.12 0.02 0.01)
(0.1275 0.02 0.01)
(0.135 0.02 0.01)
(0.1425 0.02 0.01)
(0.15 0.02 0.01)
(0 0.025 0.01)
(0.0075 0.025 0.01)
(0.015 0.025 0.01)
(0.0225 0.025 0.01)
(0.03 0.025 0.01)
(0.0375 0.025 0.01)
(0.045 0.025 0.01)
(0.0525 0.025 0.01)
(0.06 0.025 0.01)
(0.0675 0.025 0.01)
(0.075 0.025 0.01)
(0.0825 0.025 0.01)
(0.09 0.025 0.01)
(0.0975 0.025 0.01)
(0.105 0.025 0.01)
(0.1125 0.025 0.01)
(0.12 0.025 0.01)
(0.1275 0.025 0.01)
(0.135 0.025 0.01)
(0.1425 0.025 0.01)
(0.15 0.025 0.01)
(0 0.03 0.01)
(0.0075 0.03 0.01)
(0.015 0.03 0.01)
(0.0225 0.03 0.01)
(0.03 0.03 0.01)
(0.0375 0.03 0.01)
(0.045 0.03 0.01)
(0.0525 0.03 0.01)
(0.06 0.03 0.01)
(0.0675 0.03 0.01)
(0.075 0.03 0.01)
(0.0825 0.03 0.01)
(0.09 0.03 0.01)
(0.0975 0.03 0.01)
(0.105 0.03 0.01)
(0.1125 0.03 0.01)
(0.12 0.03 0.01)
(0.1275 0.03 0.01)
(0.135 0.03 0.01)
(0.1425 0.03 0.01)
(0.15 0.03 0.01)
(0 0.035 0.01)
(0.0075 0.035 0.01)
(0.015 0.035 0.01)
(0.0225 0.035 0.01)
(0.03 0.035 0.01)
(0.0375 0.035 0.01)
(0.045 0.035 0.01)
(0.0525 0.035 0.01)
(0.06 0.035 0.01)
(0.0675 0.035 0.01)
(0.075 0.035 0.01)
(0.0825 0.035 0.01)
(0.09 0.035 0.01)
(0.0975 0.035 0.01)
(0.105 0.035 0.01)
(0.1125 0.035 0.01)
(0.12 0.035 0.01)
(0.1275 0.035 0.01)
(0.135 0.035 0.01)
(0.1425 0.035 0.01)
(0.15 0.035 0.01)
(0 0.04 0.01)
(0.0075 0.04 0.01)
(0.015 0.04 0.01)
(0.0225 0.04 0.01)
(0.03 0.04 0.01)
(0.0375 0.04 0.01)
(0.045 0.04 0.01)
(0.0525 0.04 0.01)
(0.06 0.04 0.01)
(0.0675 0.04 0.01)
(0.075 0.04 0.01)
(0.0825 0.04 0.01)
(0.09 0.04 0.01)
(0.0975 0.04 0.01)
(0.105 0.04 0.01)
(0.1125 0.04 0.01)
(0.12 0.04 0.01)
(0.1275 0.04 0.01)
(0.135 0.04 0.01)
(0.1425 0.04 0.01)
(0.15 0.04 0.01)
(0 0.045 0.01)
(0.0075 0.045 0.01)
(0.015 0.045 0.01)
(0.0225 0.045 0.01)
(0.03 0.045 0.01)
(0.0375 0.045 0.01)
(0.045 0.045 0.01)
(0.0525 0.045 0.01)
(0.06 0.045 0.01)
(0.0675 0.045 0.01)
(0.075 0.045 0.01)
(0.0825 0.045 0.01)
(0.09 0.045 0.01)
(0.0975 0.045 0.01)
(0.105 0.045 0.01)
(0.1125 0.045 0.01)
(0.12 0.045 0.01)
(0.1275 0.045 0.01)
(0.135 0.045 0.01)
(0.1425 0.045 0.01)
(0.15 0.045 0.01)
(0 0.05 0.01)
(0.0075 0.05 0.01)
(0.015 0.05 0.01)
(0.0225 0.05 0.01)
(0.03 0.05 0.01)
(0.0375 0.05 0.01)
(0.045 0.05 0.01)
(0.0525 0.05 0.01)
(0.06 0.05 0.01)
(0.0675 0.05 0.01)
(0.075 0.05 0.01)
(0.0825 0.05 0.01)
(0.09 0.05 0.01)
(0.0975 0.05 0.01)
(0.105 0.05 0.01)
(0.1125 0.05 0.01)
(0.12 0.05 0.01)
(0.1275 0.05 0.01)
(0.135 0.05 0.01)
(0.1425 0.05 0.01)
(0.15 0.05 0.01)
(0 0.055 0.01)
(0.0075 0.055 0.01)
(0.015 0.055 0.01)
(0.0225 0.055 0.01)
(0.03 0.055 0.01)
(0.0375 0.055 0.01)
(0.045 0.055 0.01)
(0.0525 0.055 0.01)
(0.06 0.055 0.01)
(0.0675 0.055 0.01)
(0.075 0.055 0.01)
(0.0825 0.055 0.01)
(0.09 0.055 0.01)
(0.0975 0.055 0.01)
(0.105 0.055 0.01)
(0.1125 0.055 0.01)
(0.12 0.055 0.01)
(0.1275 0.055 0.01)
(0.135 0.055 0.01)
(0.1425 0.055 0.01)
(0.15 0.055 0.01)
(0 0.06 0.01)
(0.0075 0.06 0.01)
(0.015 0.06 0.01)
(0.0225 0.06 0.01)
(0.03 0.06 0.01)
(0.0375 0.06 0.01)
(0.045 0.06 0.01)
(0.0525 0.06 0.01)
(0.06 0.06 0.01)
(0.0675 0.06 0.01)
(0.075 0.06 0.01)
(0.0825 0.06 0.01)
(0.09 0.06 0.01)
(0.0975 0.06 0.01)
(0.105 0.06 0.01)
(0.1125 0.06 0.01)
(0.12 0.06 0.01)
(0.1275 0.06 0.01)
(0.135 0.06 0.01)
(0.1425 0.06 0.01)
(0.15 0.06 0.01)
(0 0.065 0.01)
(0.0075 0.065 0.01)
(0.015 0.065 0.01)
(0.0225 0.065 0.01)
(0.03 0.065 0.01)
(0.0375 0.065 0.01)
(0.045 0.065 0.01)
(0.0525 0.065 0.01)
(0.06 0.065 0.01)
(0.0675 0.065 0.01)
(0.075 0.065 0.01)
(0.0825 0.065 0.01)
(0.09 0.065 0.01)
(0.0975 0.065 0.01)
(0.105 0.065 0.01)
(0.1125 0.065 0.01)
(0.12 0.065 0.01)
(0.1275 0.065 0.01)
(0.135 0.065 0.01)
(0.1425 0.065 0.01)
(0.15 0.065 0.01)
(0 0.07 0.01)
(0.0075 0.07 0.01)
(0.015 0.07 0.01)
(0.0225 0.07 0.01)
(0.03 0.07 0.01)
(0.0375 0.07 0.01)
(0.045 0.07 0.01)
(0.0525 0.07 0.01)
(0.06 0.07 0.01)
(0.0675 0.07 0.01)
(0.075 0.07 0.01)
(0.0825 0.07 0.01)
(0.09 0.07 0.01)
(0.0975 0.07 0.01)
(0.105 0.07 0.01)
(0.1125 0.07 0.01)
(0.12 0.07 0.01)
(0.1275 0.07 0.01)
(0.135 0.07 0.01)
(0.1425 0.07 0.01)
(0.15 0.07 0.01)
(0 0.075 0.01)
(0.0075 0.075 0.01)
(0.015 0.075 0.01)
(0.0225 0.075 0.01)
(0.03 0.075 0.01)
(0.0375 0.075 0.01)
(0.045 0.075 0.01)
(0.0525 0.075 0.01)
(0.06 0.075 0.01)
(0.0675 0.075 0.01)
(0.075 0.075 0.01)
(0.0825 0.075 0.01)
(0.09 0.075 0.01)
(0.0975 0.075 0.01)
(0.105 0.075 0.01)
(0.1125 0.075 0.01)
(0.12 0.075 0.01)
(0.1275 0.075 0.01)
(0.135 0.075 0.01)
(0.1425 0.075 0.01)
(0.15 0.075 0.01)
(0 0.08 0.01)
(0.0075 0.08 0.01)
(0.015 0.08 0.01)
(0.0225 0.08 0.01)
(0.03 0.08 0.01)
(0.0375 0.08 0.01)
(0.045 0.08 0.01)
(0.0525 0.08 0.01)
(0.06 0.08 0.01)
(0.0675 0.08 0.01)
(0.075 0.08 0.01)
(0.0825 0.08 0.01)
(0.09 0.08 0.01)
(0.0975 0.08 0.01)
(0.105 0.08 0.01)
(0.1125 0.08 0.01)
(0.12 0.08 0.01)
(0.1275 0.08 0.01)
(0.135 0.08 0.01)
(0.1425 0.08 0.01)
(0.15 0.08 0.01)
(0 0.085 0.01)
(0.0075 0.085 0.01)
(0.015 0.085 0.01)
(0.0225 0.085 0.01)
(0.03 0.085 0.01)
(0.0375 0.085 0.01)
(0.045 0.085 0.01)
(0.0525 0.085 0.01)
(0.06 0.085 0.01)
(0.0675 0.085 0.01)
(0.075 0.085 0.01)
(0.0825 0.085 0.01)
(0.09 0.085 0.01)
(0.0975 0.085 0.01)
(0.105 0.085 0.01)
(0.1125 0.085 0.01)
(0.12 0.085 0.01)
(0.1275 0.085 0.01)
(0.135 0.085 0.01)
(0.1425 0.085 0.01)
(0.15 0.085 0.01)
(0 0.09 0.01)
(0.0075 0.09 0.01)
(0.015 0.09 0.01)
(0.0225 0.09 0.01)
(0.03 0.09 0.01)
(0.0375 0.09 0.01)
(0.045 0.09 0.01)
(0.0525 0.09 0.01)
(0.06 0.09 0.01)
(0.0675 0.09 0.01)
(0.075 0.09 0.01)
(0.0825 0.09 0.01)
(0.09 0.09 0.01)
(0.0975 0.09 0.01)
(0.105 0.09 0.01)
(0.1125 0.09 0.01)
(0.12 0.09 0.01)
(0.1275 0.09 0.01)
(0.135 0.09 0.01)
(0.1425 0.09 0.01)
(0.15 0.09 0.01)
(0 0.095 0.01)
(0.0075 0.095 0.01)
(0.015 0.095 0.01)
(0.0225 0.095 0.01)
(0.03 0.095 0.01)
(0.0375 0.095 0.01)
(0.045 0.095 0.01)
(0.0525 0.095 0.01)
(0.06 0.095 0.01)
(0.0675 0.095 0.01)
(0.075 0.095 0.01)
(0.0825 0.095 0.01)
(0.09 0.095 0.01)
(0.0975 0.095 0.01)
(0.105 0.095 0.01)
(0.1125 0.095 0.01)
(0.12 0.095 0.01)
(0.1275 0.095 0.01)
(0.135 0.095 0.01)
(0.1425 0.095 0.01)
(0.15 0.095 0.01)
(0 0.1 0.01)
(0.0075 0.1 0.01)
(0.015 0.1 0.01)
(0.0225 0.1 0.01)
(0.03 0.1 0.01)
(0.0375 0.1 0.01)
(0.045 0.1 0.01)
(0.0525 0.1 0.01)
(0.06 0.1 0.01)
(0.0675 0.1 0.01)
(0.075 0.1 0.01)
(0.0825 0.1 0.01)
(0.09 0.1 0.01)
(0.0975 0.1 0.01)
(0.105 0.1 0.01)
(0.1125 0.1 0.01)
(0.12 0.1 0.01)
(0.1275 0.1 0.01)
(0.135 0.1 0.01)
(0.1425 0.1 0.01)
(0.15 0.1 0.01)
(0.155 0 0)
(0.16 0 0)
(0.165 0 0)
(0.17 0 0)
(0.175 0 0)
(0.18 0 0)
(0.185 0 0)
(0.19 0 0)
(0.195 0 0)
(0.2 0 0)
(0.205 0 0)
(0.21 0 0)
(0.215 0 0)
(0.22 0 0)
(0.225 0 0)
(0.23 0 0)
(0.235 0 0)
(0.24 0 0)
(0.245 0 0)
(0.25 0 0)
(0.155 0.005 0)
(0.16 0.005 0)
(0.165 0.005 0)
(0.17 0.005 0)
(0.175 0.005 0)
(0.18 0.005 0)
(0.185 0.005 0)
(0.19 0.005 0)
(0.195 0.005 0)
(0.2 0.005 0)
(0.205 0.005 0)
(0.21 0.005 0)
(0.215 0.005 0)
(0.22 0.005 0)
(0.225 0.005 0)
(0.23 0.005 0)
(0.235 0.005 0)
(0.24 0.005 0)
(0.245 0.005 0)
(0.25 0.005 0)
(0.155 0.01 0)
(0.16 0.01 0)
(0.165 0.01 0)
(0.17 0.01 0)
(0.175 0.01 0)
(0.18 0.01 0)
(0.185 0.01 0)
(0.19 0.01 0)
(0.195 0.01 0)
(0.2 0.01 0)
(0.205 0.01 0)
(0.21 0.01 0)
(0.215 0.01 0)
(0.22 0.01 0)
(0.225 0.01 0)
(0.23 0.01 0)
(0.235 0.01 0)
(0.24 0.01 0)
(0.245 0.01 0)
(0.25 0.01 0)
(0.155 0.015 0)
(0.16 0.015 0)
(0.165 0.015 0)
(0.17 0.015 0)
(0.175 0.015 0)
(0.18 0.015 0)
(0.185 0.015 0)
(0.19 0.015 0)
(0.195 0.015 0)
(0.2 0.015 0)
(0.205 0.015 0)
(0.21 0.015 0)
(0.215 0.015 0)
(0.22 0.015 0)
(0.225 0.015 0)
(0.23 0.015 0)
(0.235 0.015 0)
(0.24 0.015 0)
(0.245 0.015 0)
(0.25 0.015 0)
(0.155 0.02 0)
(0.16 0.02 0)
(0.165 0.02 0)
(0.17 0.02 0)
(0.175 0.02 0)
(0.18 0.02 0)
(0.185 0.02 0)
(0.19 0.02 0)
(0.195 0.02 0)
(0.2 0.02 0)
(0.205 0.02 0)
(0.21 0.02 0)
(0.215 0.02 0)
(0.22 0.02 0)
(0.225 0.02 0)
(0.23 0.02 0)
(0.235 0.02 0)
(0.24 0.02 0)
(0.245 0.02 0)
(0.25 0.02 0)
(0.155 0.025 0)
(0.16 0.025 0)
(0.165 0.025 0)
(0.17 0.025 0)
(0.175 0.025 0)
(0.18 0.025 0)
(0.185 0.025 0)
(0.19 0.025 0)
(0.195 0.025 0)
(0.2 0.025 0)
(0.205 0.025 0)
(0.21 0.025 0)
(0.215 0.025 0)
(0.22 0.025 0)
(0.225 0.025 0)
(0.23 0.025 0)
(0.235 0.025 0)
(0.24 0.025 0)
(0.245 0.025 0)
(0.25 0.025 0)
(0.155 0.03 0)
(0.16 0.03 0)
(0.165 0.03 0)
(0.17 0.03 0)
(0.175 0.03 0)
(0.18 0.03 0)
(0.185 0.03 0)
(0.19 0.03 0)
(0.195 0.03 0)
(0.2 0.03 0)
(0.205 0.03 0)
(0.21 0.03 0)
(0.215 0.03 0)
(0.22 0.03 0)
(0.225 0.03 0)
(0.23 0.03 0)
(0.235 0.03 0)
(0.24 0.03 0)
(0.245 0.03 0)
(0.25 0.03 0)
(0.155 0.035 0)
(0.16 0.035 0)
(0.165 0.035 0)
(0.17 0.035 0)
(0.175 0.035 0)
(0.18 0.035 0)
(0.185 0.035 0)
(0.19 0.035 0)
(0.195 0.035 0)
(0.2 0.035 0)
(0.205 0.035 0)
(0.21 0.035 0)
(0.215 0.035 0)
(0.22 0.035 0)
(0.225 0.035 0)
(0.23 0.035 0)
(0.235 0.035 0)
(0.24 0.035 0)
(0.245 0.035 0)
(0.25 0.035 0)
(0.155 0.04 0)
(0.16 0.04 0)
(0.165 0.04 0)
(0.17 0.04 0)
(0.175 0.04 0)
(0.18 0.04 0)
(0.185 0.04 0)
(0.19 0.04 0)
(0.195 0.04 0)
(0.2 0.04 0)
(0.205 0.04 0)
(0.21 0.04 0)
(0.215 0.04 0)
(0.22 0.04 0)
(0.225 0.04 0)
(0.23 0.04 0)
(0.235 0.04 0)
(0.24 0.04 0)
(0.245 0.04 0)
(0.25 0.04 0)
(0.155 0.045 0)
(0.16 0.045 0)
(0.165 0.045 0)
(0.17 0.045 0)
(0.175 0.045 0)
(0.18 0.045 0)
(0.185 0.045 0)
(0.19 0.045 0)
(0.195 0.045 0)
(0.2 0.045 0)
(0.205 0.045 0)
(0.21 0.045 0)
(0.215 0.045 0)
(0.22 0.045 0)
(0.225 0.045 0)
(0.23 0.045 0)
(0.235 0.045 0)
(0.24 0.045 0)
(0.245 0.045 0)
(0.25 0.045 0)
(0.155 0.05 0)
(0.16 0.05 0)
(0.165 0.05 0)
(0.17 0.05 0)
(0.175 0.05 0)
(0.18 0.05 0)
(0.185 0.05 0)
(0.19 0.05 0)
(0.195 0.05 0)
(0.2 0.05 0)
(0.205 0.05 0)
(0.21 0.05 0)
(0.215 0.05 0)
(0.22 0.05 0)
(0.225 0.05 0)
(0.23 0.05 0)
(0.235 0.05 0)
(0.24 0.05 0)
(0.245 0.05 0)
(0.25 0.05 0)
(0.155 0.055 0)
(0.16 0.055 0)
(0.165 0.055 0)
(0.17 0.055 0)
(0.175 0.055 0)
(0.18 0.055 0)
(0.185 0.055 0)
(0.19 0.055 0)
(0.195 0.055 0)
(0.2 0.055 0)
(0.205 0.055 0)
(0.21 0.055 0)
(0.215 0.055 0)
(0.22 0.055 0)
(0.225 0.055 0)
(0.23 0.055 0)
(0.235 0.055 0)
(0.24 0.055 0)
(0.245 0.055 0)
(0.25 0.055 0)
(0.155 0.06 0)
(0.16 0.06 0)
(0.165 0.06 0)
(0.17 0.06 0)
(0.175 0.06 0)
(0.18 0.06 0)
(0.185 0.06 0)
(0.19 0.06 0)
(0.195 0.06 0)
(0.2 0.06 0)
(0.205 0.06 0)
(0.21 0.06 0)
(0.215 0.06 0)
(0.22 0.06 0)
(0.225 0.06 0)
(0.23 0.06 0)
(0.235 0.06 0)
(0.24 0.06 0)
(0.245 0.06 0)
(0.25 0.06 0)
(0.155 0.065 0)
(0.16 0.065 0)
(0.165 0.065 0)
(0.17 0.065 0)
(0.175 0.065 0)
(0.18 0.065 0)
(0.185 0.065 0)
(0.19 0.065 0)
(0.195 0.065 0)
(0.2 0.065 0)
(0.205 0.065 0)
(0.21 0.065 0)
(0.215 0.065 0)
(0.22 0.065 0)
(0.225 0.065 0)
(0.23 0.065 0)
(0.235 0.065 0)
(0.24 0.065 0)
(0.245 0.065 0)
(0.25 0.065 0)
(0.155 0.07 0)
(0.16 0.07 0)
(0.165 0.07 0)
(0.17 0.07 0)
(0.175 0.07 0)
(0.18 0.07 0)
(0.185 0.07 0)
(0.19 0.07 0)
(0.195 0.07 0)
(0.2 0.07 0)
(0.205 0.07 0)
(0.21 0.07 0)
(0.215 0.07 0)
(0.22 0.07 0)
(0.225 0.07 0)
(0.23 0.07 0)
(0.235 0.07 0)
(0.24 0.07 0)
(0.245 0.07 0)
(0.25 0.07 0)
(0.155 0.075 0)
(0.16 0.075 0)
(0.165 0.075 0)
(0.17 0.075 0)
(0.175 0.075 0)
(0.18 0.075 0)
(0.185 0.075 0)
(0.19 0.075 0)
(0.195 0.075 0)
(0.2 0.075 0)
(0.205 0.075 0)
(0.21 0.075 0)
(0.215 0.075 0)
(0.22 0.075 0)
(0.225 0.075 0)
(0.23 0.075 0)
(0.235 0.075 0)
(0.24 0.075 0)
(0.245 0.075 0)
(0.25 0.075 0)
(0.155 0.08 0)
(0.16 0.08 0)
(0.165 0.08 0)
(0.17 0.08 0)
(0.175 0.08 0)
(0.18 0.08 0)
(0.185 0.08 0)
(0.19 0.08 0)
(0.195 0.08 0)
(0.2 0.08 0)
(0.205 0.08 0)
(0.21 0.08 0)
(0.215 0.08 0)
(0.22 0.08 0)
(0.225 0.08 0)
(0.23 0.08 0)
(0.235 0.08 0)
(0.24 0.08 0)
(0.245 0.08 0)
(0.25 0.08 0)
(0.155 0.085 0)
(0.16 0.085 0)
(0.165 0.085 0)
(0.17 0.085 0)
(0.175 0.085 0)
(0.18 0.085 0)
(0.185 0.085 0)
(0.19 0.085 0)
(0.195 0.085 0)
(0.2 0.085 0)
(0.205 0.085 0)
(0.21 0.085 0)
(0.215 0.085 0)
(0.22 0.085 0)
(0.225 0.085 0)
(0.23 0.085 0)
(0.235 0.085 0)
(0.24 0.085 0)
(0.245 0.085 0)
(0.25 0.085 0)
(0.155 0.09 0)
(0.16 0.09 0)
(0.165 0.09 0)
(0.17 0.09 0)
(0.175 0.09 0)
(0.18 0.09 0)
(0.185 0.09 0)
(0.19 0.09 0)
(0.195 0.09 0)
(0.2 0.09 0)
(0.205 0.09 0)
(0.21 0.09 0)
(0.215 0.09 0)
(0.22 0.09 0)
(0.225 0.09 0)
(0.23 0.09 0)
(0.235 0.09 0)
(0.24 0.09 0)
(0.245 0.09 0)
(0.25 0.09 0)
(0.155 0.095 0)
(0.16 0.095 0)
(0.165 0.095 0)
(0.17 0.095 0)
(0.175 0.095 0)
(0.18 0.095 0)
(0.185 0.095 0)
(0.19 0.095 0)
(0.195 0.095 0)
(0.2 0.095 0)
(0.205 0.095 0)
(0.21 0.095 0)
(0.215 0.095 0)
(0.22 0.095 0)
(0.225 0.095 0)
(0.23 0.095 0)
(0.235 0.095 0)
(0.24 0.095 0)
(0.245 0.095 0)
(0.25 0.095 0)
(0.155 0.1 0)
(0.16 0.1 0)
(0.165 0.1 0)
(0.17 0.1 0)
(0.175 0.1 0)
(0.18 0.1 0)
(0.185 0.1 0)
(0.19 0.1 0)
(0.195 0.1 0)
(0.2 0.1 0)
(0.205 0.1 0)
(0.21 0.1 0)
(0.215 0.1 0)
(0.22 0.1 0)
(0.225 0.1 0)
(0.23 0.1 0)
(0.235 0.1 0)
(0.24 0.1 0)
(0.245 0.1 0)
(0.25 0.1 0)
(0.155 0 0.01)
(0.16 0 0.01)
(0.165 0 0.01)
(0.17 0 0.01)
(0.175 0 0.01)
(0.18 0 0.01)
(0.185 0 0.01)
(0.19 0 0.01)
(0.195 0 0.01)
(0.2 0 0.01)
(0.205 0 0.01)
(0.21 0 0.01)
(0.215 0 0.01)
(0.22 0 0.01)
(0.225 0 0.01)
(0.23 0 0.01)
(0.235 0 0.01)
(0.24 0 0.01)
(0.245 0 0.01)
(0.25 0 0.01)
(0.155 0.005 0.01)
(0.16 0.005 0.01)
(0.165 0.005 0.01)
(0.17 0.005 0.01)
(0.175 0.005 0.01)
(0.18 0.005 0.01)
(0.185 0.005 0.01)
(0.19 0.005 0.01)
(0.195 0.005 0.01)
(0.2 0.005 0.01)
(0.205 0.005 0.01)
(0.21 0.005 0.01)
(0.215 0.005 0.01)
(0.22 0.005 0.01)
(0.225 0.005 0.01)
(0.23 0.005 0.01)
(0.235 0.005 0.01)
(0.24 0.005 0.01)
(0.245 0.005 0.01)
(0.25 0.005 0.01)
(0.155 0.01 0.01)
(0.16 0.01 0.01)
(0.165 0.01 0.01)
(0.17 0.01 0.01)
(0.175 0.01 0.01)
(0.18 0.01 0.01)
(0.185 0.01 0.01)
(0.19 0.01 0.01)
(0.195 0.01 0.01)
(0.2 0.01 0.01)
(0.205 0.01 0.01)
(0.21 0.01 0.01)
(0.215 0.01 0.01)
(0.22 0.01 0.01)
(0.225 0.01 0.01)
(0.23 0.01 0.01)
(0.235 0.01 0.01)
(0.24 0.01 0.01)
(0.245 0.01 0.01)
(0.25 0.01 0.01)
(0.155 0.015 0.01)
(0.16 0.015 0.01)
(0.165 0.015 0.01)
(0.17 0.015 0.01)
(0.175 0.015 0.01)
(0.18 0.015 0.01)
(0.185 0.015 0.01)
(0.19 0.015 0.01)
(0.195 0.015 0.01)
(0.2 0.015 0.01)
(0.205 0.015 0.01)
(0.21 0.015 0.01)
(0.215 0.015 0.01)
(0.22 0.015 0.01)
(0.225 0.015 0.01)
(0.23 0.015 0.01)
(0.235 0.015 0.01)
(0.24 0.015 0.01)
(0.245 0.015 0.01)
(0.25 0.015 0.01)
(0.155 0.02 0.01)
(0.16 0.02 0.01)
(0.165 0.02 0.01)
(0.17 0.02 0.01)
(0.175 0.02 0.01)
(0.18 0.02 0.01)
(0.185 0.02 0.01)
(0.19 0.02 0.01)
(0.195 0.02 0.01)
(0.2 0.02 0.01)
(0.205 0.02 0.01)
(0.21 0.02 0.01)
(0.215 0.02 0.01)
(0.22 0.02 0.01)
(0.225 0.02 0.01)
(0.23 0.02 0.01)
(0.235 0.02 0.01)
(0.24 0.02 0.01)
(0.245 0.02 0.01)
(0.25 0.02 0.01)
(0.155 0.025 0.01)
(0.16 0.025 0.01)
(0.165 0.025 0.01)
(0.17 0.025 0.01)
(0.175 0.025 0.01)
(0.18 0.025 0.01)
(0.185 0.025 0.01)
(0.19 0.025 0.01)
(0.195 0.025 0.01)
(0.2 0.025 0.01)
(0.205 0.025 0.01)
(0.21 0.025 0.01)
(0.215 0.025 0.01)
(0.22 0.025 0.01)
(0.225 0.025 0.01)
(0.23 0.025 0.01)
(0.235 0.025 0.01)
(0.24 0.025 0.01)
(0.245 0.025 0.01)
(0.25 0.025 0.01)
(0.155 0.03 0.01)
(0.16 0.03 0.01)
(0.165 0.03 0.01)
(0.17 0.03 0.01)
(0.175 0.03 0.01)
(0.18 0.03 0.01)
(0.185 0.03 0.01)
(0.19 0.03 0.01)
(0.195 0.03 0.01)
(0.2 0.03 0.01)
(0.205 0.03 0.01)
(0.21 0.03 0.01)
(0.215 0.03 0.01)
(0.22 0.03 0.01)
(0.225 0.03 0.01)
(0.23 0.03 0.01)
(0.235 0.03 0.01)
(0.24 0.03 0.01)
(0.245 0.03 0.01)
(0.25 0.03 0.01)
(0.155 0.035 0.01)
(0.16 0.035 0.01)
(0.165 0.035 0.01)
(0.17 0.035 0.01)
(0.175 0.035 0.01)
(0.18 0.035 0.01)
(0.185 0.035 0.01)
(0.19 0.035 0.01)
(0.195 0.035 0.01)
(0.2 0.035 0.01)
(0.205 0.035 0.01)
(0.21 0.035 0.01)
(0.215 0.035 0.01)
(0.22 0.035 0.01)
(0.225 0.035 0.01)
(0.23 0.035 0.01)
(0.235 0.035 0.01)
(0.24 0.035 0.01)
(0.245 0.035 0.01)
(0.25 0.035 0.01)
(0.155 0.04 0.01)
(0.16 0.04 0.01)
(0.165 0.04 0.01)
(0.17 0.04 0.01)
(0.175 0.04 0.01)
(0.18 0.04 0.01)
(0.185 0.04 0.01)
(0.19 0.04 0.01)
(0.195 0.04 0.01)
(0.2 0.04 0.01)
(0.205 0.04 0.01)
(0.21 0.04 0.01)
(0.215 0.04 0.01)
(0.22 0.04 0.01)
(0.225 0.04 0.01)
(0.23 0.04 0.01)
(0.235 0.04 0.01)
(0.24 0.04 0.01)
(0.245 0.04 0.01)
(0.25 0.04 0.01)
(0.155 0.045 0.01)
(0.16 0.045 0.01)
(0.165 0.045 0.01)
(0.17 0.045 0.01)
(0.175 0.045 0.01)
(0.18 0.045 0.01)
(0.185 0.045 0.01)
(0.19 0.045 0.01)
(0.195 0.045 0.01)
(0.2 0.045 0.01)
(0.205 0.045 0.01)
(0.21 0.045 0.01)
(0.215 0.045 0.01)
(0.22 0.045 0.01)
(0.225 0.045 0.01)
(0.23 0.045 0.01)
(0.235 0.045 0.01)
(0.24 0.045 0.01)
(0.245 0.045 0.01)
(0.25 0.045 0.01)
(0.155 0.05 0.01)
(0.16 0.05 0.01)
(0.165 0.05 0.01)
(0.17 0.05 0.01)
(0.175 0.05 0.01)
(0.18 0.05 0.01)
(0.185 0.05 0.01)
(0.19 0.05 0.01)
(0.195 0.05 0.01)
(0.2 0.05 0.01)
(0.205 0.05 0.01)
(0.21 0.05 0.01)
(0.215 0.05 0.01)
(0.22 0.05 0.01)
(0.225 0.05 0.01)
(0.23 0.05 0.01)
(0.235 0.05 0.01)
(0.24 0.05 0.01)
(0.245 0.05 0.01)
(0.25 0.05 0.01)
(0.155 0.055 0.01)
(0.16 0.055 0.01)
(0.165 0.055 0.01)
(0.17 0.055 0.01)
(0.175 0.055 0.01)
(0.18 0.055 0.01)
(0.185 0.055 0.01)
(0.19 0.055 0.01)
(0.195 0.055 0.01)
(0.2 0.055 0.01)
(0.205 0.055 0.01)
(0.21 0.055 0.01)
(0.215 0.055 0.01)
(0.22 0.055 0.01)
(0.225 0.055 0.01)
(0.23 0.055 0.01)
(0.235 0.055 0.01)
(0.24 0.055 0.01)
(0.245 0.055 0.01)
(0.25 0.055 0.01)
(0.155 0.06 0.01)
(0.16 0.06 0.01)
(0.165 0.06 0.01)
(0.17 0.06 0.01)
(0.175 0.06 0.01)
(0.18 0.06 0.01)
(0.185 0.06 0.01)
(0.19 0.06 0.01)
(0.195 0.06 0.01)
(0.2 0.06 0.01)
(0.205 0.06 0.01)
(0.21 0.06 0.01)
(0.215 0.06 0.01)
(0.22 0.06 0.01)
(0.225 0.06 0.01)
(0.23 0.06 0.01)
(0.235 0.06 0.01)
(0.24 0.06 0.01)
(0.245 0.06 0.01)
(0.25 0.06 0.01)
(0.155 0.065 0.01)
(0.16 0.065 0.01)
(0.165 0.065 0.01)
(0.17 0.065 0.01)
(0.175 0.065 0.01)
(0.18 0.065 0.01)
(0.185 0.065 0.01)
(0.19 0.065 0.01)
(0.195 0.065 0.01)
(0.2 0.065 0.01)
(0.205 0.065 0.01)
(0.21 0.065 0.01)
(0.215 0.065 0.01)
(0.22 0.065 0.01)
(0.225 0.065 0.01)
(0.23 0.065 0.01)
(0.235 0.065 0.01)
(0.24 0.065 0.01)
(0.245 0.065 0.01)
(0.25 0.065 0.01)
(0.155 0.07 0.01)
(0.16 0.07 0.01)
(0.165 0.07 0.01)
(0.17 0.07 0.01)
(0.175 0.07 0.01)
(0.18 0.07 0.01)
(0.185 0.07 0.01)
(0.19 0.07 0.01)
(0.195 0.07 0.01)
(0.2 0.07 0.01)
(0.205 0.07 0.01)
(0.21 0.07 0.01)
(0.215 0.07 0.01)
(0.22 0.07 0.01)
(0.225 0.07 0.01)
(0.23 0.07 0.01)
(0.235 0.07 0.01)
(0.24 0.07 0.01)
(0.245 0.07 0.01)
(0.25 0.07 0.01)
(0.155 0.075 0.01)
(0.16 0.075 0.01)
(0.165 0.075 0.01)
(0.17 0.075 0.01)
(0.175 0.075 0.01)
(0.18 0.075 0.01)
(0.185 0.075 0.01)
(0.19 0.075 0.01)
(0.195 0.075 0.01)
(0.2 0.075 0.01)
(0.205 0.075 0.01)
(0.21 0.075 0.01)
(0.215 0.075 0.01)
(0.22 0.075 0.01)
(0.225 0.075 0.01)
(0.23 0.075 0.01)
(0.235 0.075 0.01)
(0.24 0.075 0.01)
(0.245 0.075 0.01)
(0.25 0.075 0.01)
(0.155 0.08 0.01)
(0.16 0.08 0.01)
(0.165 0.08 0.01)
(0.17 0.08 0.01)
(0.175 0.08 0.01)
(0.18 0.08 0.01)
(0.185 0.08 0.01)
(0.19 0.08 0.01)
(0.195 0.08 0.01)
(0.2 0.08 0.01)
(0.205 0.08 0.01)
(0.21 0.08 0.01)
(0.215 0.08 0.01)
(0.22 0.08 0.01)
(0.225 0.08 0.01)
(0.23 0.08 0.01)
(0.235 0.08 0.01)
(0.24 0.08 0.01)
(0.245 0.08 0.01)
(0.25 0.08 0.01)
(0.155 0.085 0.01)
(0.16 0.085 0.01)
(0.165 0.085 0.01)
(0.17 0.085 0.01)
(0.175 0.085 0.01)
(0.18 0.085 0.01)
(0.185 0.085 0.01)
(0.19 0.085 0.01)
(0.195 0.085 0.01)
(0.2 0.085 0.01)
(0.205 0.085 0.01)
(0.21 0.085 0.01)
(0.215 0.085 0.01)
(0.22 0.085 0.01)
(0.225 0.085 0.01)
(0.23 0.085 0.01)
(0.235 0.085 0.01)
(0.24 0.085 0.01)
(0.245 0.085 0.01)
(0.25 0.085 0.01)
(0.155 0.09 0.01)
(0.16 0.09 0.01)
(0.165 0.09 0.01)
(0.17 0.09 0.01)
(0.175 0.09 0.01)
(0.18 0.09 0.01)
(0.185 0.09 0.01)
(0.19 0.09 0.01)
(0.195 0.09 0.01)
(0.2 0.09 0.01)
(0.205 0.09 0.01)
(0.21 0.09 0.01)
(0.215 0.09 0.01)
(0.22 0.09 0.01)
(0.225 0.09 0.01)
(0.23 0.09 0.01)
(0.235 0.09 0.01)
(0.24 0.09 0.01)
(0.245 0.09 0.01)
(0.25 0.09 0.01)
(0.155 0.095 0.01)
(0.16 0.095 0.01)
(0.165 0.095 0.01)
(0.17 0.095 0.01)
(0.175 0.095 0.01)
(0.18 0.095 0.01)
(0.185 0.095 0.01)
(0.19 0.095 0.01)
(0.195 0.095 0.01)
(0.2 0.095 0.01)
(0.205 0.095 0.01)
(0.21 0.095 0.01)
(0.215 0.095 0.01)
(0.22 0.095 0.01)
(0.225 0.095 0.01)
(0.23 0.095 0.01)
(0.235 0.095 0.01)
(0.24 0.095 0.01)
(0.245 0.095 0.01)
(0.25 0.095 0.01)
(0.155 0.1 0.01)
(0.16 0.1 0.01)
(0.165 0.1 0.01)
(0.17 0.1 0.01)
(0.175 0.1 0.01)
(0.18 0.1 0.01)
(0.185 0.1 0.01)
(0.19 0.1 0.01)
(0.195 0.1 0.01)
(0.2 0.1 0.01)
(0.205 0.1 0.01)
(0.21 0.1 0.01)
(0.215 0.1 0.01)
(0.22 0.1 0.01)
(0.225 0.1 0.01)
(0.23 0.1 0.01)
(0.235 0.1 0.01)
(0.24 0.1 0.01)
(0.245 0.1 0.01)
(0.25 0.1 0.01)
(0.2575 0 0)
(0.265 0 0)
(0.2725 0 0)
(0.28 0 0)
(0.2875 0 0)
(0.295 0 0)
(0.3025 0 0)
(0.31 0 0)
(0.3175 0 0)
(0.325 0 0)
(0.3325 0 0)
(0.34 0 0)
(0.3475 0 0)
(0.355 0 0)
(0.3625 0 0)
(0.37 0 0)
(0.3775 0 0)
(0.385 0 0)
(0.3925 0 0)
(0.4 0 0)
(0.2575 0.005 0)
(0.265 0.005 0)
(0.2725 0.005 0)
(0.28 0.005 0)
(0.2875 0.005 0)
(0.295 0.005 0)
(0.3025 0.005 0)
(0.31 0.005 0)
(0.3175 0.005 0)
(0.325 0.005 0)
(0.3325 0.005 0)
(0.34 0.005 0)
(0.3475 0.005 0)
(0.355 0.005 0)
(0.3625 0.005 0)
(0.37 0.005 0)
(0.3775 0.005 0)
(0.385 0.005 0)
(0.3925 0.005 0)
(0.4 0.005 0)
(0.2575 0.01 0)
(0.265 0.01 0)
(0.2725 0.01 0)
(0.28 0.01 0)
(0.2875 0.01 0)
(0.295 0.01 0)
(0.3025 0.01 0)
(0.31 0.01 0)
(0.3175 0.01 0)
(0.325 0.01 0)
(0.3325 0.01 0)
(0.34 0.01 0)
(0.3475 0.01 0)
(0.355 0.01 0)
(0.3625 0.01 0)
(0.37 0.01 0)
(0.3775 0.01 0)
(0.385 0.01 0)
(0.3925 0.01 0)
(0.4 0.01 0)
(0.2575 0.015 0)
(0.265 0.015 0)
(0.2725 0.015 0)
(0.28 0.015 0)
(0.2875 0.015 0)
(0.295 0.015 0)
(0.3025 0.015 0)
(0.31 0.015 0)
(0.3175 0.015 0)
(0.325 0.015 0)
(0.3325 0.015 0)
(0.34 0.015 0)
(0.3475 0.015 0)
(0.355 0.015 0)
(0.3625 0.015 0)
(0.37 0.015 0)
(0.3775 0.015 0)
(0.385 0.015 0)
(0.3925 0.015 0)
(0.4 0.015 0)
(0.2575 0.02 0)
(0.265 0.02 0)
(0.2725 0.02 0)
(0.28 0.02 0)
(0.2875 0.02 0)
(0.295 0.02 0)
(0.3025 0.02 0)
(0.31 0.02 0)
(0.3175 0.02 0)
(0.325 0.02 0)
(0.3325 0.02 0)
(0.34 0.02 0)
(0.3475 0.02 0)
(0.355 0.02 0)
(0.3625 0.02 0)
(0.37 0.02 0)
(0.3775 0.02 0)
(0.385 0.02 0)
(0.3925 0.02 0)
(0.4 0.02 0)
(0.2575 0.025 0)
(0.265 0.025 0)
(0.2725 0.025 0)
(0.28 0.025 0)
(0.2875 0.025 0)
(0.295 0.025 0)
(0.3025 0.025 0)
(0.31 0.025 0)
(0.3175 0.025 0)
(0.325 0.025 0)
(0.3325 0.025 0)
(0.34 0.025 0)
(0.3475 0.025 0)
(0.355 0.025 0)
(0.3625 0.025 0)
(0.37 0.025 0)
(0.3775 0.025 0)
(0.385 0.025 0)
(0.3925 0.025 0)
(0.4 0.025 0)
(0.2575 0.03 0)
(0.265 0.03 0)
(0.2725 0.03 0)
(0.28 0.03 0)
(0.2875 0.03 0)
(0.295 0.03 0)
(0.3025 0.03 0)
(0.31 0.03 0)
(0.3175 0.03 0)
(0.325 0.03 0)
(0.3325 0.03 0)
(0.34 0.03 0)
(0.3475 0.03 0)
(0.355 0.03 0)
(0.3625 0.03 0)
(0.37 0.03 0)
(0.3775 0.03 0)
(0.385 0.03 0)
(0.3925 0.03 0)
(0.4 0.03 0)
(0.2575 0.035 0)
(0.265 0.035 0)
(0.2725 0.035 0)
(0.28 0.035 0)
(0.2875 0.035 0)
(0.295 0.035 0)
(0.3025 0.035 0)
(0.31 0.035 0)
(0.3175 0.035 0)
(0.325 0.035 0)
(0.3325 0.035 0)
(0.34 0.035 0)
(0.3475 0.035 0)
(0.355 0.035 0)
(0.3625 0.035 0)
(0.37 0.035 0)
(0.3775 0.035 0)
(0.385 0.035 0)
(0.3925 0.035 0)
(0.4 0.035 0)
(0.2575 0.04 0)
(0.265 0.04 0)
(0.2725 0.04 0)
(0.28 0.04 0)
(0.2875 0.04 0)
(0.295 0.04 0)
(0.3025 0.04 0)
(0.31 0.04 0)
(0.3175 0.04 0)
(0.325 0.04 0)
(0.3325 0.04 0)
(0.34 0.04 0)
(0.3475 0.04 0)
(0.355 0.04 0)
(0.3625 0.04 0)
(0.37 0.04 0)
(0.3775 0.04 0)
(0.385 0.04 0)
(0.3925 0.04 0)
(0.4 0.04 0)
(0.2575 0.045 0)
(0.265 0.045 0)
(0.2725 0.045 0)
(0.28 0.045 0)
(0.2875 0.045 0)
(0.295 0.045 0)
(0.3025 0.045 0)
(0.31 0.045 0)
(0.3175 0.045 0)
(0.325 0.045 0)
(0.3325 0.045 0)
(0.34 0.045 0)
(0.3475 0.045 0)
(0.355 0.045 0)
(0.3625 0.045 0)
(0.37 0.045 0)
(0.3775 0.045 0)
(0.385 0.045 0)
(0.3925 0.045 0)
(0.4 0.045 0)
(0.2575 0.05 0)
(0.265 0.05 0)
(0.2725 0.05 0)
(0.28 0.05 0)
(0.2875 0.05 0)
(0.295 0.05 0)
(0.3025 0.05 0)
(0.31 0.05 0)
(0.3175 0.05 0)
(0.325 0.05 0)
(0.3325 0.05 0)
(0.34 0.05 0)
(0.3475 0.05 0)
(0.355 0.05 0)
(0.3625 0.05 0)
(0.37 0.05 0)
(0.3775 0.05 0)
(0.385 0.05 0)
(0.3925 0.05 0)
(0.4 0.05 0)
(0.2575 0.055 0)
(0.265 0.055 0)
(0.2725 0.055 0)
(0.28 0.055 0)
(0.2875 0.055 0)
(0.295 0.055 0)
(0.3025 0.055 0)
(0.31 0.055 0)
(0.3175 0.055 0)
(0.325 0.055 0)
(0.3325 0.055 0)
(0.34 0.055 0)
(0.3475 0.055 0)
(0.355 0.055 0)
(0.3625 0.055 0)
(0.37 0.055 0)
(0.3775 0.055 0)
(0.385 0.055 0)
(0.3925 0.055 0)
(0.4 0.055 0)
(0.2575 0.06 0)
(0.265 0.06 0)
(0.2725 0.06 0)
(0.28 0.06 0)
(0.2875 0.06 0)
(0.295 0.06 0)
(0.3025 0.06 0)
(0.31 0.06 0)
(0.3175 0.06 0)
(0.325 0.06 0)
(0.3325 0.06 0)
(0.34 0.06 0)
(0.3475 0.06 0)
(0.355 0.06 0)
(0.3625 0.06 0)
(0.37 0.06 0)
(0.3775 0.06 0)
(0.385 0.06 0)
(0.3925 0.06 0)
(0.4 0.06 0)
(0.2575 0.065 0)
(0.265 0.065 0)
(0.2725 0.065 0)
(0.28 0.065 0)
(0.2875 0.065 0)
(0.295 0.065 0)
(0.3025 0.065 0)
(0.31 0.065 0)
(0.3175 0.065 0)
(0.325 0.065 0)
(0.3325 0.065 0)
(0.34 0.065 0)
(0.3475 0.065 0)
(0.355 0.065 0)
(0.3625 0.065 0)
(0.37 0.065 0)
(0.3775 0.065 0)
(0.385 0.065 0)
(0.3925 0.065 0)
(0.4 0.065 0)
(0.2575 0.07 0)
(0.265 0.07 0)
(0.2725 0.07 0)
(0.28 0.07 0)
(0.2875 0.07 0)
(0.295 0.07 0)
(0.3025 0.07 0)
(0.31 0.07 0)
(0.3175 0.07 0)
(0.325 0.07 0)
(0.3325 0.07 0)
(0.34 0.07 0)
(0.3475 0.07 0)
(0.355 0.07 0)
(0.3625 0.07 0)
(0.37 0.07 0)
(0.3775 0.07 0)
(0.385 0.07 0)
(0.3925 0.07 0)
(0.4 0.07 0)
(0.2575 0.075 0)
(0.265 0.075 0)
(0.2725 0.075 0)
(0.28 0.075 0)
(0.2875 0.075 0)
(0.295 0.075 0)
(0.3025 0.075 0)
(0.31 0.075 0)
(0.3175 0.075 0)
(0.325 0.075 0)
(0.3325 0.075 0)
(0.34 0.075 0)
(0.3475 0.075 0)
(0.355 0.075 0)
(0.3625 0.075 0)
(0.37 0.075 0)
(0.3775 0.075 0)
(0.385 0.075 0)
(0.3925 0.075 0)
(0.4 0.075 0)
(0.2575 0.08 0)
(0.265 0.08 0)
(0.2725 0.08 0)
(0.28 0.08 0)
(0.2875 0.08 0)
(0.295 0.08 0)
(0.3025 0.08 0)
(0.31 0.08 0)
(0.3175 0.08 0)
(0.325 0.08 0)
(0.3325 0.08 0)
(0.34 0.08 0)
(0.3475 0.08 0)
(0.355 0.08 0)
(0.3625 0.08 0)
(0.37 0.08 0)
(0.3775 0.08 0)
(0.385 0.08 0)
(0.3925 0.08 0)
(0.4 0.08 0)
(0.2575 0.085 0)
(0.265 0.085 0)
(0.2725 0.085 0)
(0.28 0.085 0)
(0.2875 0.085 0)
(0.295 0.085 0)
(0.3025 0.085 0)
(0.31 0.085 0)
(0.3175 0.085 0)
(0.325 0.085 0)
(0.3325 0.085 0)
(0.34 0.085 0)
(0.3475 0.085 0)
(0.355 0.085 0)
(0.3625 0.085 0)
(0.37 0.085 0)
(0.3775 0.085 0)
(0.385 0.085 0)
(0.3925 0.085 0)
(0.4 0.085 0)
(0.2575 0.09 0)
(0.265 0.09 0)
(0.2725 0.09 0)
(0.28 0.09 0)
(0.2875 0.09 0)
(0.295 0.09 0)
(0.3025 0.09 0)
(0.31 0.09 0)
(0.3175 0.09 0)
(0.325 0.09 0)
(0.3325 0.09 0)
(0.34 0.09 0)
(0.3475 0.09 0)
(0.355 0.09 0)
(0.3625 0.09 0)
(0.37 0.09 0)
(0.3775 0.09 0)
(0.385 0.09 0)
(0.3925 0.09 0)
(0.4 0.09 0)
(0.2575 0.095 0)
(0.265 0.095 0)
(0.2725 0.095 0)
(0.28 0.095 0)
(0.2875 0.095 0)
(0.295 0.095 0)
(0.3025 0.095 0)
(0.31 0.095 0)
(0.3175 0.095 0)
(0.325 0.095 0)
(0.3325 0.095 0)
(0.34 0.095 0)
(0.3475 0.095 0)
(0.355 0.095 0)
(0.3625 0.095 0)
(0.37 0.095 0)
(0.3775 0.095 0)
(0.385 0.095 0)
(0.3925 0.095 0)
(0.4 0.095 0)
(0.2575 0.1 0)
(0.265 0.1 0)
(0.2725 0.1 0)
(0.28 0.1 0)
(0.2875 0.1 0)
(0.295 0.1 0)
(0.3025 0.1 0)
(0.31 0.1 0)
(0.3175 0.1 0)
(0.325 0.1 0)
(0.3325 0.1 0)
(0.34 0.1 0)
(0.3475 0.1 0)
(0.355 0.1 0)
(0.3625 0.1 0)
(0.37 0.1 0)
(0.3775 0.1 0)
(0.385 0.1 0)
(0.3925 0.1 0)
(0.4 0.1 0)
(0.2575 0 0.01)
(0.265 0 0.01)
(0.2725 0 0.01)
(0.28 0 0.01)
(0.2875 0 0.01)
(0.295 0 0.01)
(0.3025 0 0.01)
(0.31 0 0.01)
(0.3175 0 0.01)
(0.325 0 0.01)
(0.3325 0 0.01)
(0.34 0 0.01)
(0.3475 0 0.01)
(0.355 0 0.01)
(0.3625 0 0.01)
(0.37 0 0.01)
(0.3775 0 0.01)
(0.385 0 0.01)
(0.3925 0 0.01)
(0.4 0 0.01)
(0.2575 0.005 0.01)
(0.265 0.005 0.01)
(0.2725 0.005 0.01)
(0.28 0.005 0.01)
(0.2875 0.005 0.01)
(0.295 0.005 0.01)
(0.3025 0.005 0.01)
(0.31 0.005 0.01)
(0.3175 0.005 0.01)
(0.325 0.005 0.01)
(0.3325 0.005 0.01)
(0.34 0.005 0.01)
(0.3475 0.005 0.01)
(0.355 0.005 0.01)
(0.3625 0.005 0.01)
(0.37 0.005 0.01)
(0.3775 0.005 0.01)
(0.385 0.005 0.01)
(0.3925 0.005 0.01)
(0.4 0.005 0.01)
(0.2575 0.01 0.01)
(0.265 0.01 0.01)
(0.2725 0.01 0.01)
(0.28 0.01 0.01)
(0.2875 0.01 0.01)
(0.295 0.01 0.01)
(0.3025 0.01 0.01)
(0.31 0.01 0.01)
(0.3175 0.01 0.01)
(0.325 0.01 0.01)
(0.3325 0.01 0.01)
(0.34 0.01 0.01)
(0.3475 0.01 0.01)
(0.355 0.01 0.01)
(0.3625 0.01 0.01)
(0.37 0.01 0.01)
(0.3775 0.01 0.01)
(0.385 0.01 0.01)
(0.3925 0.01 0.01)
(0.4 0.01 0.01)
(0.2575 0.015 0.01)
(0.265 0.015 0.01)
(0.2725 0.015 0.01)
(0.28 0.015 0.01)
(0.2875 0.015 0.01)
(0.295 0.015 0.01)
(0.3025 0.015 0.01)
(0.31 0.015 0.01)
(0.3175 0.015 0.01)
(0.325 0.015 0.01)
(0.3325 0.015 0.01)
(0.34 0.015 0.01)
(0.3475 0.015 0.01)
(0.355 0.015 0.01)
(0.3625 0.015 0.01)
(0.37 0.015 0.01)
(0.3775 0.015 0.01)
(0.385 0.015 0.01)
(0.3925 0.015 0.01)
(0.4 0.015 0.01)
(0.2575 0.02 0.01)
(0.265 0.02 0.01)
(0.2725 0.02 0.01)
(0.28 0.02 0.01)
(0.2875 0.02 0.01)
(0.295 0.02 0.01)
(0.3025 0.02 0.01)
(0.31 0.02 0.01)
(0.3175 0.02 0.01)
(0.325 0.02 0.01)
(0.3325 0.02 0.01)
(0.34 0.02 0.01)
(0.3475 0.02 0.01)
(0.355 0.02 0.01)
(0.3625 0.02 0.01)
(0.37 0.02 0.01)
(0.3775 0.02 0.01)
(0.385 0.02 0.01)
(0.3925 0.02 0.01)
(0.4 0.02 0.01)
(0.2575 0.025 0.01)
(0.265 0.025 0.01)
(0.2725 0.025 0.01)
(0.28 0.025 0.01)
(0.2875 0.025 0.01)
(0.295 0.025 0.01)
(0.3025 0.025 0.01)
(0.31 0.025 0.01)
(0.3175 0.025 0.01)
(0.325 0.025 0.01)
(0.3325 0.025 0.01)
(0.34 0.025 0.01)
(0.3475 0.025 0.01)
(0.355 0.025 0.01)
(0.3625 0.025 0.01)
(0.37 0.025 0.01)
(0.3775 0.025 0.01)
(0.385 0.025 0.01)
(0.3925 0.025 0.01)
(0.4 0.025 0.01)
(0.2575 0.03 0.01)
(0.265 0.03 0.01)
(0.2725 0.03 0.01)
(0.28 0.03 0.01)
(0.2875 0.03 0.01)
(0.295 0.03 0.01)
(0.3025 0.03 0.01)
(0.31 0.03 0.01)
(0.3175 0.03 0.01)
(0.325 0.03 0.01)
(0.3325 0.03 0.01)
(0.34 0.03 0.01)
(0.3475 0.03 0.01)
(0.355 0.03 0.01)
(0.3625 0.03 0.01)
(0.37 0.03 0.01)
(0.3775 0.03 0.01)
(0.385 0.03 0.01)
(0.3925 0.03 0.01)
(0.4 0.03 0.01)
(0.2575 0.035 0.01)
(0.265 0.035 0.01)
(0.2725 0.035 0.01)
(0.28 0.035 0.01)
(0.2875 0.035 0.01)
(0.295 0.035 0.01)
(0.3025 0.035 0.01)
(0.31 0.035 0.01)
(0.3175 0.035 0.01)
(0.325 0.035 0.01)
(0.3325 0.035 0.01)
(0.34 0.035 0.01)
(0.3475 0.035 0.01)
(0.355 0.035 0.01)
(0.3625 0.035 0.01)
(0.37 0.035 0.01)
(0.3775 0.035 0.01)
(0.385 0.035 0.01)
(0.3925 0.035 0.01)
(0.4 0.035 0.01)
(0.2575 0.04 0.01)
(0.265 0.04 0.01)
(0.2725 0.04 0.01)
(0.28 0.04 0.01)
(0.2875 0.04 0.01)
(0.295 0.04 0.01)
(0.3025 0.04 0.01)
(0.31 0.04 0.01)
(0.3175 0.04 0.01)
(0.325 0.04 0.01)
(0.3325 0.04 0.01)
(0.34 0.04 0.01)
(0.3475 0.04 0.01)
(0.355 0.04 0.01)
(0.3625 0.04 0.01)
(0.37 0.04 0.01)
(0.3775 0.04 0.01)
(0.385 0.04 0.01)
(0.3925 0.04 0.01)
(0.4 0.04 0.01)
(0.2575 0.045 0.01)
(0.265 0.045 0.01)
(0.2725 0.045 0.01)
(0.28 0.045 0.01)
(0.2875 0.045 0.01)
(0.295 0.045 0.01)
(0.3025 0.045 0.01)
(0.31 0.045 0.01)
(0.3175 0.045 0.01)
(0.325 0.045 0.01)
(0.3325 0.045 0.01)
(0.34 0.045 0.01)
(0.3475 0.045 0.01)
(0.355 0.045 0.01)
(0.3625 0.045 0.01)
(0.37 0.045 0.01)
(0.3775 0.045 0.01)
(0.385 0.045 0.01)
(0.3925 0.045 0.01)
(0.4 0.045 0.01)
(0.2575 0.05 0.01)
(0.265 0.05 0.01)
(0.2725 0.05 0.01)
(0.28 0.05 0.01)
(0.2875 0.05 0.01)
(0.295 0.05 0.01)
(0.3025 0.05 0.01)
(0.31 0.05 0.01)
(0.3175 0.05 0.01)
(0.325 0.05 0.01)
(0.3325 0.05 0.01)
(0.34 0.05 0.01)
(0.3475 0.05 0.01)
(0.355 0.05 0.01)
(0.3625 0.05 0.01)
(0.37 0.05 0.01)
(0.3775 0.05 0.01)
(0.385 0.05 0.01)
(0.3925 0.05 0.01)
(0.4 0.05 0.01)
(0.2575 0.055 0.01)
(0.265 0.055 0.01)
(0.2725 0.055 0.01)
(0.28 0.055 0.01)
(0.2875 0.055 0.01)
(0.295 0.055 0.01)
(0.3025 0.055 0.01)
(0.31 0.055 0.01)
(0.3175 0.055 0.01)
(0.325 0.055 0.01)
(0.3325 0.055 0.01)
(0.34 0.055 0.01)
(0.3475 0.055 0.01)
(0.355 0.055 0.01)
(0.3625 0.055 0.01)
(0.37 0.055 0.01)
(0.3775 0.055 0.01)
(0.385 0.055 0.01)
(0.3925 0.055 0.01)
(0.4 0.055 0.01)
(0.2575 0.06 0.01)
(0.265 0.06 0.01)
(0.2725 0.06 0.01)
(0.28 0.06 0.01)
(0.2875 0.06 0.01)
(0.295 0.06 0.01)
(0.3025 0.06 0.01)
(0.31 0.06 0.01)
(0.3175 0.06 0.01)
(0.325 0.06 0.01)
(0.3325 0.06 0.01)
(0.34 0.06 0.01)
(0.3475 0.06 0.01)
(0.355 0.06 0.01)
(0.3625 0.06 0.01)
(0.37 0.06 0.01)
(0.3775 0.06 0.01)
(0.385 0.06 0.01)
(0.3925 0.06 0.01)
(0.4 0.06 0.01)
(0.2575 0.065 0.01)
(0.265 0.065 0.01)
(0.2725 0.065 0.01)
(0.28 0.065 0.01)
(0.2875 0.065 0.01)
(0.295 0.065 0.01)
(0.3025 0.065 0.01)
(0.31 0.065 0.01)
(0.3175 0.065 0.01)
(0.325 0.065 0.01)
(0.3325 0.065 0.01)
(0.34 0.065 0.01)
(0.3475 0.065 0.01)
(0.355 0.065 0.01)
(0.3625 0.065 0.01)
(0.37 0.065 0.01)
(0.3775 0.065 0.01)
(0.385 0.065 0.01)
(0.3925 0.065 0.01)
(0.4 0.065 0.01)
(0.2575 0.07 0.01)
(0.265 0.07 0.01)
(0.2725 0.07 0.01)
(0.28 0.07 0.01)
(0.2875 0.07 0.01)
(0.295 0.07 0.01)
(0.3025 0.07 0.01)
(0.31 0.07 0.01)
(0.3175 0.07 0.01)
(0.325 0.07 0.01)
(0.3325 0.07 0.01)
(0.34 0.07 0.01)
(0.3475 0.07 0.01)
(0.355 0.07 0.01)
(0.3625 0.07 0.01)
(0.37 0.07 0.01)
(0.3775 0.07 0.01)
(0.385 0.07 0.01)
(0.3925 0.07 0.01)
(0.4 0.07 0.01)
(0.2575 0.075 0.01)
(0.265 0.075 0.01)
(0.2725 0.075 0.01)
(0.28 0.075 0.01)
(0.2875 0.075 0.01)
(0.295 0.075 0.01)
(0.3025 0.075 0.01)
(0.31 0.075 0.01)
(0.3175 0.075 0.01)
(0.325 0.075 0.01)
(0.3325 0.075 0.01)
(0.34 0.075 0.01)
(0.3475 0.075 0.01)
(0.355 0.075 0.01)
(0.3625 0.075 0.01)
(0.37 0.075 0.01)
(0.3775 0.075 0.01)
(0.385 0.075 0.01)
(0.3925 0.075 0.01)
(0.4 0.075 0.01)
(0.2575 0.08 0.01)
(0.265 0.08 0.01)
(0.2725 0.08 0.01)
(0.28 0.08 0.01)
(0.2875 0.08 0.01)
(0.295 0.08 0.01)
(0.3025 0.08 0.01)
(0.31 0.08 0.01)
(0.3175 0.08 0.01)
(0.325 0.08 0.01)
(0.3325 0.08 0.01)
(0.34 0.08 0.01)
(0.3475 0.08 0.01)
(0.355 0.08 0.01)
(0.3625 0.08 0.01)
(0.37 0.08 0.01)
(0.3775 0.08 0.01)
(0.385 0.08 0.01)
(0.3925 0.08 0.01)
(0.4 0.08 0.01)
(0.2575 0.085 0.01)
(0.265 0.085 0.01)
(0.2725 0.085 0.01)
(0.28 0.085 0.01)
(0.2875 0.085 0.01)
(0.295 0.085 0.01)
(0.3025 0.085 0.01)
(0.31 0.085 0.01)
(0.3175 0.085 0.01)
(0.325 0.085 0.01)
(0.3325 0.085 0.01)
(0.34 0.085 0.01)
(0.3475 0.085 0.01)
(0.355 0.085 0.01)
(0.3625 0.085 0.01)
(0.37 0.085 0.01)
(0.3775 0.085 0.01)
(0.385 0.085 0.01)
(0.3925 0.085 0.01)
(0.4 0.085 0.01)
(0.2575 0.09 0.01)
(0.265 0.09 0.01)
(0.2725 0.09 0.01)
(0.28 0.09 0.01)
(0.2875 0.09 0.01)
(0.295 0.09 0.01)
(0.3025 0.09 0.01)
(0.31 0.09 0.01)
(0.3175 0.09 0.01)
(0.325 0.09 0.01)
(0.3325 0.09 0.01)
(0.34 0.09 0.01)
(0.3475 0.09 0.01)
(0.355 0.09 0.01)
(0.3625 0.09 0.01)
(0.37 0.09 0.01)
(0.3775 0.09 0.01)
(0.385 0.09 0.01)
(0.3925 0.09 0.01)
(0.4 0.09 0.01)
(0.2575 0.095 0.01)
(0.265 0.095 0.01)
(0.2725 0.095 0.01)
(0.28 0.095 0.01)
(0.2875 0.095 0.01)
(0.295 0.095 0.01)
(0.3025 0.095 0.01)
(0.31 0.095 0.01)
(0.3175 0.095 0.01)
(0.325 0.095 0.01)
(0.3325 0.095 0.01)
(0.34 0.095 0.01)
(0.3475 0.095 0.01)
(0.355 0.095 0.01)
(0.3625 0.095 0.01)
(0.37 0.095 0.01)
(0.3775 0.095 0.01)
(0.385 0.095 0.01)
(0.3925 0.095 0.01)
(0.4 0.095 0.01)
(0.2575 0.1 0.01)
(0.265 0.1 0.01)
(0.2725 0.1 0.01)
(0.28 0.1 0.01)
(0.2875 0.1 0.01)
(0.295 0.1 0.01)
(0.3025 0.1 0.01)
(0.31 0.1 0.01)
(0.3175 0.1 0.01)
(0.325 0.1 0.01)
(0.3325 0.1 0.01)
(0.34 0.1 0.01)
(0.3475 0.1 0.01)
(0.355 0.1 0.01)
(0.3625 0.1 0.01)
(0.37 0.1 0.01)
(0.3775 0.1 0.01)
(0.385 0.1 0.01)
(0.3925 0.1 0.01)
(0.4 0.1 0.01)
(0.15 0.1075 0)
(0.155 0.1075 0)
(0.16 0.1075 0)
(0.165 0.1075 0)
(0.17 0.1075 0)
(0.175 0.1075 0)
(0.18 0.1075 0)
(0.185 0.1075 0)
(0.19 0.1075 0)
(0.195 0.1075 0)
(0.2 0.1075 0)
(0.205 0.1075 0)
(0.21 0.1075 0)
(0.215 0.1075 0)
(0.22 0.1075 0)
(0.225 0.1075 0)
(0.23 0.1075 0)
(0.235 0.1075 0)
(0.24 0.1075 0)
(0.245 0.1075 0)
(0.25 0.1075 0)
(0.15 0.115 0)
(0.155 0.115 0)
(0.16 0.115 0)
(0.165 0.115 0)
(0.17 0.115 0)
(0.175 0.115 0)
(0.18 0.115 0)
(0.185 0.115 0)
(0.19 0.115 0)
(0.195 0.115 0)
(0.2 0.115 0)
(0.205 0.115 0)
(0.21 0.115 0)
(0.215 0.115 0)
(0.22 0.115 0)
(0.225 0.115 0)
(0.23 0.115 0)
(0.235 0.115 0)
(0.24 0.115 0)
(0.245 0.115 0)
(0.25 0.115 0)
(0.15 0.1225 0)
(0.155 0.1225 0)
(0.16 0.1225 0)
(0.165 0.1225 0)
(0.17 0.1225 0)
(0.175 0.1225 0)
(0.18 0.1225 0)
(0.185 0.1225 0)
(0.19 0.1225 0)
(0.195 0.1225 0)
(0.2 0.1225 0)
(0.205 0.1225 0)
(0.21 0.1225 0)
(0.215 0.1225 0)
(0.22 0.1225 0)
(0.225 0.1225 0)
(0.23 0.1225 0)
(0.235 0.1225 0)
(0.24 0.1225 0)
(0.245 0.1225 0)
(0.25 0.1225 0)
(0.15 0.13 0)
(0.155 0.13 0)
(0.16 0.13 0)
(0.165 0.13 0)
(0.17 0.13 0)
(0.175 0.13 0)
(0.18 0.13 0)
(0.185 0.13 0)
(0.19 0.13 0)
(0.195 0.13 0)
(0.2 0.13 0)
(0.205 0.13 0)
(0.21 0.13 0)
(0.215 0.13 0)
(0.22 0.13 0)
(0.225 0.13 0)
(0.23 0.13 0)
(0.235 0.13 0)
(0.24 0.13 0)
(0.245 0.13 0)
(0.25 0.13 0)
(0.15 0.1375 0)
(0.155 0.1375 0)
(0.16 0.1375 0)
(0.165 0.1375 0)
(0.17 0.1375 0)
(0.175 0.1375 0)
(0.18 0.1375 0)
(0.185 0.1375 0)
(0.19 0.1375 0)
(0.195 0.1375 0)
(0.2 0.1375 0)
(0.205 0.1375 0)
(0.21 0.1375 0)
(0.215 0.1375 0)
(0.22 0.1375 0)
(0.225 0.1375 0)
(0.23 0.1375 0)
(0.235 0.1375 0)
(0.24 0.1375 0)
(0.245 0.1375 0)
(0.25 0.1375 0)
(0.15 0.145 0)
(0.155 0.145 0)
(0.16 0.145 0)
(0.165 0.145 0)
(0.17 0.145 0)
(0.175 0.145 0)
(0.18 0.145 0)
(0.185 0.145 0)
(0.19 0.145 0)
(0.195 0.145 0)
(0.2 0.145 0)
(0.205 0.145 0)
(0.21 0.145 0)
(0.215 0.145 0)
(0.22 0.145 0)
(0.225 0.145 0)
(0.23 0.145 0)
(0.235 0.145 0)
(0.24 0.145 0)
(0.245 0.145 0)
(0.25 0.145 0)
(0.15 0.1525 0)
(0.155 0.1525 0)
(0.16 0.1525 0)
(0.165 0.1525 0)
(0.17 0.1525 0)
(0.175 0.1525 0)
(0.18 0.1525 0)
(0.185 0.1525 0)
(0.19 0.1525 0)
(0.195 0.1525 0)
(0.2 0.1525 0)
(0.205 0.1525 0)
(0.21 0.1525 0)
(0.215 0.1525 0)
(0.22 0.1525 0)
(0.225 0.1525 0)
(0.23 0.1525 0)
(0.235 0.1525 0)
(0.24 0.1525 0)
(0.245 0.1525 0)
(0.25 0.1525 0)
(0.15 0.16 0)
(0.155 0.16 0)
(0.16 0.16 0)
(0.165 0.16 0)
(0.17 0.16 0)
(0.175 0.16 0)
(0.18 0.16 0)
(0.185 0.16 0)
(0.19 0.16 0)
(0.195 0.16 0)
(0.2 0.16 0)
(0.205 0.16 0)
(0.21 0.16 0)
(0.215 0.16 0)
(0.22 0.16 0)
(0.225 0.16 0)
(0.23 0.16 0)
(0.235 0.16 0)
(0.24 0.16 0)
(0.245 0.16 0)
(0.25 0.16 0)
(0.15 0.1675 0)
(0.155 0.1675 0)
(0.16 0.1675 0)
(0.165 0.1675 0)
(0.17 0.1675 0)
(0.175 0.1675 0)
(0.18 0.1675 0)
(0.185 0.1675 0)
(0.19 0.1675 0)
(0.195 0.1675 0)
(0.2 0.1675 0)
(0.205 0.1675 0)
(0.21 0.1675 0)
(0.215 0.1675 0)
(0.22 0.1675 0)
(0.225 0.1675 0)
(0.23 0.1675 0)
(0.235 0.1675 0)
(0.24 0.1675 0)
(0.245 0.1675 0)
(0.25 0.1675 0)
(0.15 0.175 0)
(0.155 0.175 0)
(0.16 0.175 0)
(0.165 0.175 0)
(0.17 0.175 0)
(0.175 0.175 0)
(0.18 0.175 0)
(0.185 0.175 0)
(0.19 0.175 0)
(0.195 0.175 0)
(0.2 0.175 0)
(0.205 0.175 0)
(0.21 0.175 0)
(0.215 0.175 0)
(0.22 0.175 0)
(0.225 0.175 0)
(0.23 0.175 0)
(0.235 0.175 0)
(0.24 0.175 0)
(0.245 0.175 0)
(0.25 0.175 0)
(0.15 0.1825 0)
(0.155 0.1825 0)
(0.16 0.1825 0)
(0.165 0.1825 0)
(0.17 0.1825 0)
(0.175 0.1825 0)
(0.18 0.1825 0)
(0.185 0.1825 0)
(0.19 0.1825 0)
(0.195 0.1825 0)
(0.2 0.1825 0)
(0.205 0.1825 0)
(0.21 0.1825 0)
(0.215 0.1825 0)
(0.22 0.1825 0)
(0.225 0.1825 0)
(0.23 0.1825 0)
(0.235 0.1825 0)
(0.24 0.1825 0)
(0.245 0.1825 0)
(0.25 0.1825 0)
(0.15 0.19 0)
(0.155 0.19 0)
(0.16 0.19 0)
(0.165 0.19 0)
(0.17 0.19 0)
(0.175 0.19 0)
(0.18 0.19 0)
(0.185 0.19 0)
(0.19 0.19 0)
(0.195 0.19 0)
(0.2 0.19 0)
(0.205 0.19 0)
(0.21 0.19 0)
(0.215 0.19 0)
(0.22 0.19 0)
(0.225 0.19 0)
(0.23 0.19 0)
(0.235 0.19 0)
(0.24 0.19 0)
(0.245 0.19 0)
(0.25 0.19 0)
(0.15 0.1975 0)
(0.155 0.1975 0)
(0.16 0.1975 0)
(0.165 0.1975 0)
(0.17 0.1975 0)
(0.175 0.1975 0)
(0.18 0.1975 0)
(0.185 0.1975 0)
(0.19 0.1975 0)
(0.195 0.1975 0)
(0.2 0.1975 0)
(0.205 0.1975 0)
(0.21 0.1975 0)
(0.215 0.1975 0)
(0.22 0.1975 0)
(0.225 0.1975 0)
(0.23 0.1975 0)
(0.235 0.1975 0)
(0.24 0.1975 0)
(0.245 0.1975 0)
(0.25 0.1975 0)
(0.15 0.205 0)
(0.155 0.205 0)
(0.16 0.205 0)
(0.165 0.205 0)
(0.17 0.205 0)
(0.175 0.205 0)
(0.18 0.205 0)
(0.185 0.205 0)
(0.19 0.205 0)
(0.195 0.205 0)
(0.2 0.205 0)
(0.205 0.205 0)
(0.21 0.205 0)
(0.215 0.205 0)
(0.22 0.205 0)
(0.225 0.205 0)
(0.23 0.205 0)
(0.235 0.205 0)
(0.24 0.205 0)
(0.245 0.205 0)
(0.25 0.205 0)
(0.15 0.2125 0)
(0.155 0.2125 0)
(0.16 0.2125 0)
(0.165 0.2125 0)
(0.17 0.2125 0)
(0.175 0.2125 0)
(0.18 0.2125 0)
(0.185 0.2125 0)
(0.19 0.2125 0)
(0.195 0.2125 0)
(0.2 0.2125 0)
(0.205 0.2125 0)
(0.21 0.2125 0)
(0.215 0.2125 0)
(0.22 0.2125 0)
(0.225 0.2125 0)
(0.23 0.2125 0)
(0.235 0.2125 0)
(0.24 0.2125 0)
(0.245 0.2125 0)
(0.25 0.2125 0)
(0.15 0.22 0)
(0.155 0.22 0)
(0.16 0.22 0)
(0.165 0.22 0)
(0.17 0.22 0)
(0.175 0.22 0)
(0.18 0.22 0)
(0.185 0.22 0)
(0.19 0.22 0)
(0.195 0.22 0)
(0.2 0.22 0)
(0.205 0.22 0)
(0.21 0.22 0)
(0.215 0.22 0)
(0.22 0.22 0)
(0.225 0.22 0)
(0.23 0.22 0)
(0.235 0.22 0)
(0.24 0.22 0)
(0.245 0.22 0)
(0.25 0.22 0)
(0.15 0.2275 0)
(0.155 0.2275 0)
(0.16 0.2275 0)
(0.165 0.2275 0)
(0.17 0.2275 0)
(0.175 0.2275 0)
(0.18 0.2275 0)
(0.185 0.2275 0)
(0.19 0.2275 0)
(0.195 0.2275 0)
(0.2 0.2275 0)
(0.205 0.2275 0)
(0.21 0.2275 0)
(0.215 0.2275 0)
(0.22 0.2275 0)
(0.225 0.2275 0)
(0.23 0.2275 0)
(0.235 0.2275 0)
(0.24 0.2275 0)
(0.245 0.2275 0)
(0.25 0.2275 0)
(0.15 0.235 0)
(0.155 0.235 0)
(0.16 0.235 0)
(0.165 0.235 0)
(0.17 0.235 0)
(0.175 0.235 0)
(0.18 0.235 0)
(0.185 0.235 0)
(0.19 0.235 0)
(0.195 0.235 0)
(0.2 0.235 0)
(0.205 0.235 0)
(0.21 0.235 0)
(0.215 0.235 0)
(0.22 0.235 0)
(0.225 0.235 0)
(0.23 0.235 0)
(0.235 0.235 0)
(0.24 0.235 0)
(0.245 0.235 0)
(0.25 0.235 0)
(0.15 0.2425 0)
(0.155 0.2425 0)
(0.16 0.2425 0)
(0.165 0.2425 0)
(0.17 0.2425 0)
(0.175 0.2425 0)
(0.18 0.2425 0)
(0.185 0.2425 0)
(0.19 0.2425 0)
(0.195 0.2425 0)
(0.2 0.2425 0)
(0.205 0.2425 0)
(0.21 0.2425 0)
(0.215 0.2425 0)
(0.22 0.2425 0)
(0.225 0.2425 0)
(0.23 0.2425 0)
(0.235 0.2425 0)
(0.24 0.2425 0)
(0.245 0.2425 0)
(0.25 0.2425 0)
(0.15 0.25 0)
(0.155 0.25 0)
(0.16 0.25 0)
(0.165 0.25 0)
(0.17 0.25 0)
(0.175 0.25 0)
(0.18 0.25 0)
(0.185 0.25 0)
(0.19 0.25 0)
(0.195 0.25 0)
(0.2 0.25 0)
(0.205 0.25 0)
(0.21 0.25 0)
(0.215 0.25 0)
(0.22 0.25 0)
(0.225 0.25 0)
(0.23 0.25 0)
(0.235 0.25 0)
(0.24 0.25 0)
(0.245 0.25 0)
(0.25 0.25 0)
(0.15 0.1075 0.01)
(0.155 0.1075 0.01)
(0.16 0.1075 0.01)
(0.165 0.1075 0.01)
(0.17 0.1075 0.01)
(0.175 0.1075 0.01)
(0.18 0.1075 0.01)
(0.185 0.1075 0.01)
(0.19 0.1075 0.01)
(0.195 0.1075 0.01)
(0.2 0.1075 0.01)
(0.205 0.1075 0.01)
(0.21 0.1075 0.01)
(0.215 0.1075 0.01)
(0.22 0.1075 0.01)
(0.225 0.1075 0.01)
(0.23 0.1075 0.01)
(0.235 0.1075 0.01)
(0.24 0.1075 0.01)
(0.245 0.1075 0.01)
(0.25 0.1075 0.01)
(0.15 0.115 0.01)
(0.155 0.115 0.01)
(0.16 0.115 0.01)
(0.165 0.115 0.01)
(0.17 0.115 0.01)
(0.175 0.115 0.01)
(0.18 0.115 0.01)
(0.185 0.115 0.01)
(0.19 0.115 0.01)
(0.195 0.115 0.01)
(0.2 0.115 0.01)
(0.205 0.115 0.01)
(0.21 0.115 0.01)
(0.215 0.115 0.01)
(0.22 0.115 0.01)
(0.225 0.115 0.01)
(0.23 0.115 0.01)
(0.235 0.115 0.01)
(0.24 0.115 0.01)
(0.245 0.115 0.01)
(0.25 0.115 0.01)
(0.15 0.1225 0.01)
(0.155 0.1225 0.01)
(0.16 0.1225 0.01)
(0.165 0.1225 0.01)
(0.17 0.1225 0.01)
(0.175 0.1225 0.01)
(0.18 0.1225 0.01)
(0.185 0.1225 0.01)
(0.19 0.1225 0.01)
(0.195 0.1225 0.01)
(0.2 0.1225 0.01)
(0.205 0.1225 0.01)
(0.21 0.1225 0.01)
(0.215 0.1225 0.01)
(0.22 0.1225 0.01)
(0.225 0.1225 0.01)
(0.23 0.1225 0.01)
(0.235 0.1225 0.01)
(0.24 0.1225 0.01)
(0.245 0.1225 0.01)
(0.25 0.1225 0.01)
(0.15 0.13 0.01)
(0.155 0.13 0.01)
(0.16 0.13 0.01)
(0.165 0.13 0.01)
(0.17 0.13 0.01)
(0.175 0.13 0.01)
(0.18 0.13 0.01)
(0.185 0.13 0.01)
(0.19 0.13 0.01)
(0.195 0.13 0.01)
(0.2 0.13 0.01)
(0.205 0.13 0.01)
(0.21 0.13 0.01)
(0.215 0.13 0.01)
(0.22 0.13 0.01)
(0.225 0.13 0.01)
(0.23 0.13 0.01)
(0.235 0.13 0.01)
(0.24 0.13 0.01)
(0.245 0.13 0.01)
(0.25 0.13 0.01)
(0.15 0.1375 0.01)
(0.155 0.1375 0.01)
(0.16 0.1375 0.01)
(0.165 0.1375 0.01)
(0.17 0.1375 0.01)
(0.175 0.1375 0.01)
(0.18 0.1375 0.01)
(0.185 0.1375 0.01)
(0.19 0.1375 0.01)
(0.195 0.1375 0.01)
(0.2 0.1375 0.01)
(0.205 0.1375 0.01)
(0.21 0.1375 0.01)
(0.215 0.1375 0.01)
(0.22 0.1375 0.01)
(0.225 0.1375 0.01)
(0.23 0.1375 0.01)
(0.235 0.1375 0.01)
(0.24 0.1375 0.01)
(0.245 0.1375 0.01)
(0.25 0.1375 0.01)
(0.15 0.145 0.01)
(0.155 0.145 0.01)
(0.16 0.145 0.01)
(0.165 0.145 0.01)
(0.17 0.145 0.01)
(0.175 0.145 0.01)
(0.18 0.145 0.01)
(0.185 0.145 0.01)
(0.19 0.145 0.01)
(0.195 0.145 0.01)
(0.2 0.145 0.01)
(0.205 0.145 0.01)
(0.21 0.145 0.01)
(0.215 0.145 0.01)
(0.22 0.145 0.01)
(0.225 0.145 0.01)
(0.23 0.145 0.01)
(0.235 0.145 0.01)
(0.24 0.145 0.01)
(0.245 0.145 0.01)
(0.25 0.145 0.01)
(0.15 0.1525 0.01)
(0.155 0.1525 0.01)
(0.16 0.1525 0.01)
(0.165 0.1525 0.01)
(0.17 0.1525 0.01)
(0.175 0.1525 0.01)
(0.18 0.1525 0.01)
(0.185 0.1525 0.01)
(0.19 0.1525 0.01)
(0.195 0.1525 0.01)
(0.2 0.1525 0.01)
(0.205 0.1525 0.01)
(0.21 0.1525 0.01)
(0.215 0.1525 0.01)
(0.22 0.1525 0.01)
(0.225 0.1525 0.01)
(0.23 0.1525 0.01)
(0.235 0.1525 0.01)
(0.24 0.1525 0.01)
(0.245 0.1525 0.01)
(0.25 0.1525 0.01)
(0.15 0.16 0.01)
(0.155 0.16 0.01)
(0.16 0.16 0.01)
(0.165 0.16 0.01)
(0.17 0.16 0.01)
(0.175 0.16 0.01)
(0.18 0.16 0.01)
(0.185 0.16 0.01)
(0.19 0.16 0.01)
(0.195 0.16 0.01)
(0.2 0.16 0.01)
(0.205 0.16 0.01)
(0.21 0.16 0.01)
(0.215 0.16 0.01)
(0.22 0.16 0.01)
(0.225 0.16 0.01)
(0.23 0.16 0.01)
(0.235 0.16 0.01)
(0.24 0.16 0.01)
(0.245 0.16 0.01)
(0.25 0.16 0.01)
(0.15 0.1675 0.01)
(0.155 0.1675 0.01)
(0.16 0.1675 0.01)
(0.165 0.1675 0.01)
(0.17 0.1675 0.01)
(0.175 0.1675 0.01)
(0.18 0.1675 0.01)
(0.185 0.1675 0.01)
(0.19 0.1675 0.01)
(0.195 0.1675 0.01)
(0.2 0.1675 0.01)
(0.205 0.1675 0.01)
(0.21 0.1675 0.01)
(0.215 0.1675 0.01)
(0.22 0.1675 0.01)
(0.225 0.1675 0.01)
(0.23 0.1675 0.01)
(0.235 0.1675 0.01)
(0.24 0.1675 0.01)
(0.245 0.1675 0.01)
(0.25 0.1675 0.01)
(0.15 0.175 0.01)
(0.155 0.175 0.01)
(0.16 0.175 0.01)
(0.165 0.175 0.01)
(0.17 0.175 0.01)
(0.175 0.175 0.01)
(0.18 0.175 0.01)
(0.185 0.175 0.01)
(0.19 0.175 0.01)
(0.195 0.175 0.01)
(0.2 0.175 0.01)
(0.205 0.175 0.01)
(0.21 0.175 0.01)
(0.215 0.175 0.01)
(0.22 0.175 0.01)
(0.225 0.175 0.01)
(0.23 0.175 0.01)
(0.235 0.175 0.01)
(0.24 0.175 0.01)
(0.245 0.175 0.01)
(0.25 0.175 0.01)
(0.15 0.1825 0.01)
(0.155 0.1825 0.01)
(0.16 0.1825 0.01)
(0.165 0.1825 0.01)
(0.17 0.1825 0.01)
(0.175 0.1825 0.01)
(0.18 0.1825 0.01)
(0.185 0.1825 0.01)
(0.19 0.1825 0.01)
(0.195 0.1825 0.01)
(0.2 0.1825 0.01)
(0.205 0.1825 0.01)
(0.21 0.1825 0.01)
(0.215 0.1825 0.01)
(0.22 0.1825 0.01)
(0.225 0.1825 0.01)
(0.23 0.1825 0.01)
(0.235 0.1825 0.01)
(0.24 0.1825 0.01)
(0.245 0.1825 0.01)
(0.25 0.1825 0.01)
(0.15 0.19 0.01)
(0.155 0.19 0.01)
(0.16 0.19 0.01)
(0.165 0.19 0.01)
(0.17 0.19 0.01)
(0.175 0.19 0.01)
(0.18 0.19 0.01)
(0.185 0.19 0.01)
(0.19 0.19 0.01)
(0.195 0.19 0.01)
(0.2 0.19 0.01)
(0.205 0.19 0.01)
(0.21 0.19 0.01)
(0.215 0.19 0.01)
(0.22 0.19 0.01)
(0.225 0.19 0.01)
(0.23 0.19 0.01)
(0.235 0.19 0.01)
(0.24 0.19 0.01)
(0.245 0.19 0.01)
(0.25 0.19 0.01)
(0.15 0.1975 0.01)
(0.155 0.1975 0.01)
(0.16 0.1975 0.01)
(0.165 0.1975 0.01)
(0.17 0.1975 0.01)
(0.175 0.1975 0.01)
(0.18 0.1975 0.01)
(0.185 0.1975 0.01)
(0.19 0.1975 0.01)
(0.195 0.1975 0.01)
(0.2 0.1975 0.01)
(0.205 0.1975 0.01)
(0.21 0.1975 0.01)
(0.215 0.1975 0.01)
(0.22 0.1975 0.01)
(0.225 0.1975 0.01)
(0.23 0.1975 0.01)
(0.235 0.1975 0.01)
(0.24 0.1975 0.01)
(0.245 0.1975 0.01)
(0.25 0.1975 0.01)
(0.15 0.205 0.01)
(0.155 0.205 0.01)
(0.16 0.205 0.01)
(0.165 0.205 0.01)
(0.17 0.205 0.01)
(0.175 0.205 0.01)
(0.18 0.205 0.01)
(0.185 0.205 0.01)
(0.19 0.205 0.01)
(0.195 0.205 0.01)
(0.2 0.205 0.01)
(0.205 0.205 0.01)
(0.21 0.205 0.01)
(0.215 0.205 0.01)
(0.22 0.205 0.01)
(0.225 0.205 0.01)
(0.23 0.205 0.01)
(0.235 0.205 0.01)
(0.24 0.205 0.01)
(0.245 0.205 0.01)
(0.25 0.205 0.01)
(0.15 0.2125 0.01)
(0.155 0.2125 0.01)
(0.16 0.2125 0.01)
(0.165 0.2125 0.01)
(0.17 0.2125 0.01)
(0.175 0.2125 0.01)
(0.18 0.2125 0.01)
(0.185 0.2125 0.01)
(0.19 0.2125 0.01)
(0.195 0.2125 0.01)
(0.2 0.2125 0.01)
(0.205 0.2125 0.01)
(0.21 0.2125 0.01)
(0.215 0.2125 0.01)
(0.22 0.2125 0.01)
(0.225 0.2125 0.01)
(0.23 0.2125 0.01)
(0.235 0.2125 0.01)
(0.24 0.2125 0.01)
(0.245 0.2125 0.01)
(0.25 0.2125 0.01)
(0.15 0.22 0.01)
(0.155 0.22 0.01)
(0.16 0.22 0.01)
(0.165 0.22 0.01)
(0.17 0.22 0.01)
(0.175 0.22 0.01)
(0.18 0.22 0.01)
(0.185 0.22 0.01)
(0.19 0.22 0.01)
(0.195 0.22 0.01)
(0.2 0.22 0.01)
(0.205 0.22 0.01)
(0.21 0.22 0.01)
(0.215 0.22 0.01)
(0.22 0.22 0.01)
(0.225 0.22 0.01)
(0.23 0.22 0.01)
(0.235 0.22 0.01)
(0.24 0.22 0.01)
(0.245 0.22 0.01)
(0.25 0.22 0.01)
(0.15 0.2275 0.01)
(0.155 0.2275 0.01)
(0.16 0.2275 0.01)
(0.165 0.2275 0.01)
(0.17 0.2275 0.01)
(0.175 0.2275 0.01)
(0.18 0.2275 0.01)
(0.185 0.2275 0.01)
(0.19 0.2275 0.01)
(0.195 0.2275 0.01)
(0.2 0.2275 0.01)
(0.205 0.2275 0.01)
(0.21 0.2275 0.01)
(0.215 0.2275 0.01)
(0.22 0.2275 0.01)
(0.225 0.2275 0.01)
(0.23 0.2275 0.01)
(0.235 0.2275 0.01)
(0.24 0.2275 0.01)
(0.245 0.2275 0.01)
(0.25 0.2275 0.01)
(0.15 0.235 0.01)
(0.155 0.235 0.01)
(0.16 0.235 0.01)
(0.165 0.235 0.01)
(0.17 0.235 0.01)
(0.175 0.235 0.01)
(0.18 0.235 0.01)
(0.185 0.235 0.01)
(0.19 0.235 0.01)
(0.195 0.235 0.01)
(0.2 0.235 0.01)
(0.205 0.235 0.01)
(0.21 0.235 0.01)
(0.215 0.235 0.01)
(0.22 0.235 0.01)
(0.225 0.235 0.01)
(0.23 0.235 0.01)
(0.235 0.235 0.01)
(0.24 0.235 0.01)
(0.245 0.235 0.01)
(0.25 0.235 0.01)
(0.15 0.2425 0.01)
(0.155 0.2425 0.01)
(0.16 0.2425 0.01)
(0.165 0.2425 0.01)
(0.17 0.2425 0.01)
(0.175 0.2425 0.01)
(0.18 0.2425 0.01)
(0.185 0.2425 0.01)
(0.19 0.2425 0.01)
(0.195 0.2425 0.01)
(0.2 0.2425 0.01)
(0.205 0.2425 0.01)
(0.21 0.2425 0.01)
(0.215 0.2425 0.01)
(0.22 0.2425 0.01)
(0.225 0.2425 0.01)
(0.23 0.2425 0.01)
(0.235 0.2425 0.01)
(0.24 0.2425 0.01)
(0.245 0.2425 0.01)
(0.25 0.2425 0.01)
(0.15 0.25 0.01)
(0.155 0.25 0.01)
(0.16 0.25 0.01)
(0.165 0.25 0.01)
(0.17 0.25 0.01)
(0.175 0.25 0.01)
(0.18 0.25 0.01)
(0.185 0.25 0.01)
(0.19 0.25 0.01)
(0.195 0.25 0.01)
(0.2 0.25 0.01)
(0.205 0.25 0.01)
(0.21 0.25 0.01)
(0.215 0.25 0.01)
(0.22 0.25 0.01)
(0.225 0.25 0.01)
(0.23 0.25 0.01)
(0.235 0.25 0.01)
(0.24 0.25 0.01)
(0.245 0.25 0.01)
(0.25 0.25 0.01)
)

// ************************************************************************* //
