/*--------------------------------*- C++ -*----------------------------------*\
| =========                 |                                                 |
| \\      /  F ield         | OpenFOAM: The Open Source CFD Toolbox           |
|  \\    /   O peration     | Version:  1.5                                   |
|   \\  /    A nd           | Web:      http://www.OpenFOAM.org               |
|    \\/     M anipulation  |                                                 |
\*---------------------------------------------------------------------------*/
FoamFile
{
    version     2.0;
    format      ascii;
    class       cellSet;
    object      c0;
}
// * * * * * * * * * * * * * * * * * * * * * * * * * * * * * * * * * * * * * //

7069
(
10832 
0 
10833 
1 
10834 
2 
10835 
3 
10836 
4 
10837 
5 
10838 
6 
10839 
7 
10840 
8 
10841 
9 
10842 
10 
10843 
11 
10844 
12 
10845 
13 
10846 
14 
10847 
15 
10848 
16 
10849 
17 
10850 
18 
10851 
19 
10852 
20 
10853 
21 
10854 
22 
10855 
23 
10856 
24 
10857 
25 
10858 
26 
10859 
27 
10860 
28 
10861 
29 
10862 
30 
10863 
31 
10864 
32 
10865 
33 
10866 
34 
10867 
35 
10868 
36 
10869 
37 
10870 
38 
10871 
39 
10872 
40 
10873 
41 
10874 
42 
10875 
43 
10876 
44 
10877 
45 
10878 
46 
10879 
47 
10880 
48 
10881 
49 
10882 
50 
10883 
51 
10884 
52 
10885 
53 
10886 
54 
10887 
55 
10888 
56 
10889 
57 
10890 
58 
10891 
59 
10892 
60 
10893 
61 
10894 
62 
10895 
63 
10896 
64 
10897 
65 
10898 
66 
10899 
67 
10900 
68 
10901 
69 
10902 
70 
10903 
71 
10904 
72 
10905 
73 
10906 
74 
10907 
75 
10908 
76 
10909 
77 
10910 
78 
10911 
79 
10912 
80 
10913 
81 
10914 
82 
10915 
83 
10916 
84 
10917 
85 
10918 
86 
10919 
87 
10920 
88 
10921 
89 
10922 
90 
10923 
91 
10924 
92 
10925 
93 
10926 
94 
10927 
95 
10928 
96 
10929 
97 
10930 
98 
10931 
99 
10932 
100 
10933 
101 
10934 
102 
10935 
103 
10936 
104 
10937 
105 
10938 
106 
10939 
107 
10940 
108 
10941 
109 
10942 
110 
10943 
111 
10944 
112 
10945 
113 
10946 
114 
10947 
115 
10948 
116 
10949 
117 
10950 
118 
10951 
119 
10952 
120 
10953 
121 
10954 
122 
10955 
123 
10956 
124 
10957 
125 
10958 
126 
10959 
127 
10960 
128 
10961 
129 
10962 
130 
10963 
131 
10964 
132 
10965 
133 
10966 
134 
10967 
135 
10968 
136 
10969 
137 
10970 
138 
10971 
139 
10972 
140 
10973 
141 
10974 
142 
10975 
143 
10976 
144 
10977 
145 
10978 
146 
10979 
147 
10980 
148 
10981 
149 
10982 
150 
10983 
151 
10984 
152 
10985 
153 
10986 
154 
10987 
155 
10988 
156 
10989 
157 
10990 
158 
10991 
159 
10992 
160 
10993 
161 
10994 
162 
10995 
163 
10996 
164 
10997 
165 
10998 
166 
10999 
167 
11000 
168 
11001 
169 
11002 
170 
11003 
171 
11004 
172 
11005 
173 
11006 
174 
11007 
175 
11008 
176 
11009 
177 
11010 
178 
11011 
179 
11012 
180 
11013 
181 
11014 
182 
11015 
183 
11016 
184 
11017 
185 
11018 
186 
11019 
187 
11020 
188 
11021 
189 
11022 
190 
11023 
191 
11024 
192 
11025 
193 
11026 
194 
11027 
195 
11028 
196 
11029 
197 
11030 
198 
11031 
199 
11032 
200 
11033 
201 
11034 
202 
11035 
203 
11036 
204 
11037 
205 
11038 
206 
11039 
207 
11040 
208 
11041 
209 
11042 
210 
11043 
211 
11044 
212 
11045 
213 
11046 
214 
11047 
215 
11048 
216 
11049 
217 
11050 
218 
11051 
219 
11052 
220 
11053 
221 
11054 
222 
11055 
223 
11056 
224 
11057 
225 
11058 
226 
11059 
227 
11060 
228 
11061 
229 
11062 
230 
11063 
231 
11064 
232 
11065 
233 
11066 
234 
11067 
235 
11068 
236 
11069 
237 
11070 
238 
11071 
239 
11072 
240 
11073 
241 
11074 
242 
11075 
243 
11076 
244 
11077 
245 
11078 
246 
11079 
247 
11080 
248 
11081 
249 
11082 
250 
11083 
251 
11084 
252 
11085 
253 
11086 
254 
11087 
255 
11088 
256 
11089 
257 
11090 
258 
11091 
259 
11092 
260 
11093 
261 
11094 
262 
11095 
263 
11096 
264 
11097 
265 
11098 
266 
11099 
267 
11100 
268 
11101 
269 
11102 
270 
11103 
271 
11104 
272 
11105 
273 
11106 
274 
11107 
275 
11108 
276 
11109 
277 
11110 
278 
11111 
279 
11112 
280 
11113 
281 
11114 
282 
11115 
283 
11116 
284 
11117 
285 
11118 
286 
11119 
287 
11120 
288 
11121 
289 
11122 
290 
11123 
291 
11124 
292 
11125 
293 
11126 
294 
11127 
295 
11128 
296 
11129 
297 
11130 
298 
11131 
299 
11132 
300 
11133 
301 
11134 
302 
11135 
303 
11136 
304 
11137 
305 
11138 
306 
11139 
307 
11140 
308 
11141 
309 
11142 
310 
11143 
311 
11144 
312 
11145 
313 
11146 
314 
11147 
315 
11148 
316 
11149 
317 
11150 
318 
11151 
319 
11152 
320 
11153 
321 
11154 
322 
11155 
323 
11156 
324 
11157 
325 
11158 
326 
11159 
327 
11160 
328 
11161 
329 
11162 
330 
11163 
331 
11164 
332 
11165 
333 
11166 
334 
11167 
335 
11168 
336 
11169 
337 
11170 
338 
11171 
339 
11172 
340 
11173 
341 
11174 
342 
11175 
343 
11176 
344 
11177 
345 
11178 
346 
11179 
347 
11180 
348 
11181 
349 
11182 
350 
11183 
351 
11184 
352 
11185 
353 
11186 
354 
11187 
355 
11188 
356 
11189 
357 
11190 
358 
11191 
359 
11192 
360 
11193 
361 
11194 
362 
11195 
363 
11196 
364 
11197 
365 
11198 
366 
11199 
367 
11200 
368 
11201 
369 
11202 
370 
11203 
371 
11204 
372 
11205 
373 
11206 
374 
11207 
375 
11208 
376 
11209 
377 
11210 
378 
11211 
379 
11212 
380 
11213 
381 
11214 
382 
11215 
383 
11216 
384 
11217 
385 
11218 
386 
11219 
387 
11220 
388 
11221 
389 
11222 
390 
11223 
391 
11224 
392 
11225 
393 
11226 
394 
11227 
395 
11228 
396 
11229 
397 
11230 
398 
11231 
399 
11232 
400 
11233 
401 
11234 
402 
11235 
403 
11236 
404 
11237 
405 
11238 
406 
11239 
407 
11240 
408 
11241 
409 
11242 
410 
11243 
411 
11244 
412 
11245 
413 
11246 
414 
11247 
415 
11248 
416 
11249 
417 
11250 
418 
11251 
419 
11252 
420 
11253 
421 
11254 
422 
11255 
423 
11256 
424 
11257 
425 
11258 
426 
11259 
427 
11260 
428 
11261 
429 
11262 
430 
11263 
431 
11264 
432 
11265 
433 
11266 
434 
11267 
435 
11268 
436 
11269 
437 
11270 
438 
11271 
439 
11272 
440 
11273 
441 
11274 
442 
11275 
443 
11276 
444 
11277 
445 
11278 
446 
11279 
447 
11280 
448 
11281 
449 
11282 
450 
11283 
451 
11284 
452 
11285 
453 
11286 
454 
11287 
455 
11288 
456 
11289 
457 
11290 
458 
11291 
459 
11292 
460 
11293 
461 
11294 
462 
11295 
463 
11296 
464 
11297 
465 
11298 
466 
11299 
467 
11300 
468 
11301 
469 
11302 
470 
11303 
471 
11304 
472 
11305 
473 
11306 
474 
11307 
475 
11308 
476 
11309 
477 
11310 
478 
11311 
479 
11312 
480 
11313 
481 
11314 
482 
11315 
483 
11316 
484 
11317 
485 
11318 
486 
11319 
487 
11320 
488 
11321 
489 
11322 
490 
11323 
491 
11324 
492 
11325 
493 
11326 
494 
11327 
495 
11328 
496 
11329 
497 
11330 
498 
11331 
499 
11332 
500 
11333 
501 
11334 
502 
11335 
503 
11336 
504 
11337 
505 
11338 
506 
11339 
507 
11340 
508 
11341 
509 
11342 
510 
11343 
511 
11344 
512 
11345 
513 
11346 
514 
11347 
515 
11348 
516 
11349 
517 
11350 
518 
11351 
519 
11352 
520 
11353 
521 
11354 
522 
11355 
523 
11356 
524 
11357 
525 
11358 
526 
11359 
527 
11360 
528 
11361 
529 
11362 
530 
11363 
531 
11364 
532 
11365 
533 
11366 
534 
11367 
535 
11368 
536 
11369 
537 
11370 
538 
11371 
539 
11372 
540 
11373 
541 
11374 
542 
11375 
543 
11376 
544 
11377 
545 
11378 
546 
11379 
547 
11380 
548 
11381 
549 
11382 
550 
11383 
551 
11384 
552 
11385 
553 
11386 
554 
11387 
555 
11388 
556 
11389 
557 
11390 
558 
11391 
559 
11392 
560 
11393 
561 
11394 
562 
11395 
563 
11396 
564 
11397 
565 
11398 
566 
11399 
567 
11400 
568 
11401 
569 
11402 
570 
11403 
571 
11404 
572 
11405 
573 
11406 
574 
11407 
575 
11408 
576 
11409 
577 
11410 
578 
11411 
579 
11412 
580 
11413 
581 
11414 
582 
11415 
583 
11416 
584 
11417 
585 
11418 
586 
11419 
587 
11420 
588 
11421 
589 
11422 
590 
11423 
591 
11424 
592 
11425 
593 
11426 
594 
11427 
595 
11428 
596 
11429 
597 
11430 
598 
11431 
599 
11432 
600 
11433 
601 
11434 
602 
11435 
603 
11436 
604 
11437 
605 
11438 
606 
11439 
607 
11440 
608 
11441 
609 
11442 
610 
11443 
611 
11444 
612 
11445 
613 
11446 
614 
11447 
615 
11448 
616 
11449 
617 
11450 
618 
11451 
619 
11452 
620 
11453 
621 
11454 
622 
11455 
623 
11456 
624 
11457 
625 
11458 
626 
11459 
627 
11460 
628 
11461 
629 
11462 
630 
11463 
631 
11464 
632 
11465 
633 
11466 
634 
11467 
635 
11468 
636 
11469 
637 
11470 
638 
11471 
639 
11472 
640 
11473 
641 
11474 
642 
11475 
643 
11476 
644 
11477 
645 
11478 
646 
11479 
647 
11480 
648 
11481 
649 
11482 
650 
11483 
651 
11484 
652 
11485 
653 
11486 
654 
11487 
655 
11488 
656 
11489 
657 
11490 
658 
11491 
659 
11492 
660 
11493 
661 
11494 
662 
11495 
663 
11496 
664 
11497 
665 
11498 
666 
11499 
667 
11500 
668 
11501 
669 
11502 
670 
11503 
671 
11504 
672 
11505 
673 
11506 
674 
11507 
675 
11508 
676 
11509 
677 
11510 
678 
11511 
679 
11512 
680 
11513 
681 
11514 
682 
11515 
683 
11516 
684 
11517 
685 
11518 
686 
11519 
687 
11520 
688 
11521 
689 
11522 
690 
11523 
691 
11524 
692 
11525 
693 
11526 
694 
11527 
695 
11528 
696 
11529 
697 
11530 
698 
11531 
699 
11532 
700 
11533 
701 
11534 
702 
11535 
703 
11536 
704 
11537 
705 
11538 
706 
11539 
707 
11540 
708 
11541 
709 
11542 
710 
11543 
711 
11544 
712 
11545 
713 
11546 
714 
11547 
715 
11548 
716 
11549 
717 
11550 
718 
11551 
719 
11552 
720 
11553 
721 
11554 
722 
11555 
723 
11556 
724 
11557 
725 
11558 
726 
11559 
727 
11560 
728 
11561 
729 
11562 
730 
11563 
731 
11564 
732 
11565 
733 
11566 
734 
11567 
735 
11568 
736 
11569 
737 
11570 
738 
11571 
739 
11572 
740 
11573 
741 
11574 
742 
11575 
743 
11576 
744 
11577 
745 
11578 
746 
11579 
747 
11580 
748 
11581 
749 
11582 
750 
11583 
751 
11584 
752 
11585 
753 
11586 
754 
11587 
755 
11588 
756 
11589 
757 
11590 
758 
11591 
759 
11592 
760 
11593 
761 
11594 
762 
11595 
763 
11596 
764 
11597 
765 
11598 
766 
11599 
767 
11600 
768 
11601 
769 
11602 
770 
11603 
771 
11604 
772 
11605 
773 
11606 
774 
11607 
775 
11608 
776 
11609 
777 
11610 
778 
11611 
779 
11612 
780 
11613 
781 
11614 
782 
11615 
783 
11616 
784 
11617 
785 
11618 
786 
11619 
787 
11620 
788 
11621 
789 
11622 
790 
11623 
791 
11624 
792 
11625 
793 
11626 
794 
11627 
795 
11628 
796 
11629 
797 
11630 
798 
11631 
799 
11632 
800 
11633 
801 
11634 
802 
11635 
803 
11636 
804 
11637 
805 
11638 
806 
11639 
807 
11640 
808 
11641 
809 
11642 
810 
11643 
811 
11644 
812 
11645 
813 
11646 
814 
11647 
815 
11648 
816 
11649 
817 
11650 
818 
11651 
819 
11652 
820 
11653 
821 
11654 
822 
11655 
823 
11656 
824 
11657 
825 
11658 
826 
11659 
827 
11660 
828 
11661 
829 
11662 
830 
11663 
831 
11664 
832 
11665 
833 
11666 
834 
11667 
835 
11668 
836 
11669 
837 
11670 
838 
11671 
839 
11672 
840 
11673 
841 
11674 
842 
11675 
843 
11676 
844 
11677 
845 
11678 
846 
11679 
847 
11680 
848 
11681 
849 
11682 
850 
11683 
851 
11684 
852 
11685 
853 
11686 
854 
11687 
855 
11688 
856 
11689 
857 
11690 
858 
11691 
859 
11692 
860 
11693 
861 
11694 
862 
11695 
863 
11696 
864 
11697 
865 
11698 
866 
11699 
867 
11700 
868 
11701 
869 
11702 
870 
11703 
871 
11704 
872 
11705 
873 
11706 
874 
11707 
875 
11708 
876 
11709 
877 
11710 
878 
11711 
879 
11712 
880 
11713 
881 
11714 
882 
11715 
883 
11716 
884 
11717 
885 
11718 
886 
11719 
887 
11720 
888 
11721 
889 
11722 
890 
11723 
891 
11724 
892 
11725 
893 
11726 
894 
11727 
895 
11728 
896 
11729 
897 
11730 
898 
11731 
899 
11732 
900 
11733 
901 
11734 
902 
903 
904 
905 
906 
907 
908 
909 
11742 
910 
11743 
911 
11744 
912 
11745 
913 
11746 
914 
11747 
915 
11748 
916 
11749 
917 
11750 
918 
11751 
919 
11752 
920 
11753 
921 
11754 
922 
11755 
923 
11756 
924 
11757 
925 
11758 
926 
11759 
927 
11760 
928 
11761 
929 
11762 
930 
11763 
931 
11764 
932 
11765 
933 
11766 
934 
11767 
935 
11768 
936 
11769 
937 
11770 
938 
11771 
939 
11772 
940 
11773 
941 
11774 
942 
11775 
943 
11776 
944 
11777 
945 
11778 
946 
11779 
947 
11780 
948 
11781 
949 
11782 
950 
11783 
951 
11784 
952 
11785 
953 
11786 
954 
11787 
955 
11788 
956 
11789 
957 
11790 
958 
11791 
959 
11792 
960 
11793 
961 
11794 
962 
11795 
963 
11796 
964 
11797 
965 
11798 
966 
11799 
967 
11800 
968 
11801 
969 
11802 
970 
11803 
971 
11804 
972 
973 
974 
975 
976 
977 
978 
979 
980 
981 
982 
983 
984 
11817 
985 
11818 
986 
11819 
987 
11820 
988 
11821 
989 
11822 
990 
11823 
991 
11824 
992 
11825 
993 
11826 
994 
11827 
995 
11828 
996 
11829 
997 
11830 
998 
11831 
999 
11832 
1000 
11833 
1001 
11834 
1002 
11835 
1003 
11836 
1004 
11837 
1005 
11838 
1006 
11839 
1007 
11840 
1008 
11841 
1009 
11842 
1010 
11843 
1011 
11844 
1012 
11845 
1013 
11846 
1014 
11847 
1015 
11848 
1016 
11849 
1017 
11850 
1018 
11851 
1019 
11852 
1020 
11853 
1021 
11854 
1022 
11855 
1023 
11856 
1024 
11857 
1025 
11858 
1026 
11859 
1027 
11860 
1028 
11861 
1029 
11862 
1030 
11863 
1031 
11864 
1032 
11865 
1033 
11866 
1034 
11867 
1035 
11868 
1036 
11869 
1037 
11870 
1038 
11871 
1039 
11872 
1040 
11873 
1041 
11874 
1042 
1043 
1044 
1045 
1046 
1047 
1048 
1049 
1050 
1051 
1052 
1053 
1054 
1055 
1056 
1057 
1058 
1059 
11892 
1060 
11893 
1061 
11894 
1062 
11895 
1063 
11896 
1064 
11897 
1065 
11898 
1066 
11899 
1067 
11900 
1068 
11901 
1069 
11902 
1070 
11903 
1071 
11904 
1072 
11905 
1073 
11906 
1074 
11907 
1075 
11908 
1076 
11909 
1077 
11910 
1078 
11911 
1079 
11912 
1080 
11913 
1081 
11914 
1082 
11915 
1083 
11916 
1084 
11917 
1085 
11918 
1086 
11919 
1087 
11920 
1088 
11921 
1089 
11922 
1090 
11923 
1091 
11924 
1092 
11925 
1093 
11926 
1094 
11927 
1095 
11928 
1096 
11929 
1097 
11930 
1098 
11931 
1099 
11932 
1100 
11933 
1101 
11934 
1102 
11935 
1103 
11936 
1104 
11937 
1105 
11938 
1106 
11939 
1107 
11940 
1108 
11941 
1109 
11942 
1110 
11943 
1111 
11944 
1112 
11945 
1113 
1114 
1115 
1116 
1117 
1118 
1119 
1120 
1121 
1122 
1123 
1124 
1125 
1126 
1127 
1128 
1129 
1130 
1131 
1132 
1133 
1134 
11967 
1135 
11968 
1136 
11969 
1137 
11970 
1138 
11971 
1139 
11972 
1140 
11973 
1141 
11974 
1142 
11975 
1143 
11976 
1144 
11977 
1145 
11978 
1146 
11979 
1147 
11980 
1148 
11981 
1149 
11982 
1150 
11983 
1151 
11984 
1152 
11985 
1153 
11986 
1154 
11987 
1155 
11988 
1156 
11989 
1157 
11990 
1158 
11991 
1159 
11992 
1160 
11993 
1161 
11994 
1162 
11995 
1163 
11996 
1164 
11997 
1165 
11998 
1166 
11999 
1167 
12000 
1168 
12001 
1169 
12002 
1170 
12003 
1171 
12004 
1172 
12005 
1173 
12006 
1174 
12007 
1175 
12008 
1176 
12009 
1177 
12010 
1178 
12011 
1179 
12012 
1180 
12013 
1181 
12014 
1182 
12015 
1183 
12016 
1184 
1185 
1186 
1187 
1188 
1189 
1190 
1191 
1192 
1193 
1194 
1195 
1196 
1197 
1198 
1199 
1200 
1201 
1202 
1203 
1204 
1205 
1206 
1207 
1208 
1209 
12042 
1210 
12043 
1211 
12044 
1212 
12045 
1213 
12046 
1214 
12047 
1215 
12048 
1216 
12049 
1217 
12050 
1218 
12051 
1219 
12052 
1220 
12053 
1221 
12054 
1222 
12055 
1223 
12056 
1224 
12057 
1225 
12058 
1226 
12059 
1227 
12060 
1228 
12061 
1229 
12062 
1230 
12063 
1231 
12064 
1232 
12065 
1233 
12066 
1234 
12067 
1235 
12068 
1236 
12069 
1237 
12070 
1238 
12071 
1239 
12072 
1240 
12073 
1241 
12074 
1242 
12075 
1243 
12076 
1244 
12077 
1245 
12078 
1246 
12079 
1247 
12080 
1248 
12081 
1249 
12082 
1250 
12083 
1251 
12084 
1252 
12085 
1253 
12086 
1254 
12087 
1255 
1256 
1257 
1258 
1259 
1260 
1261 
1262 
1263 
1264 
1265 
1266 
1267 
1268 
1269 
1270 
1271 
1272 
1273 
1274 
1275 
1276 
1277 
1278 
1279 
1280 
1281 
1282 
1283 
1284 
12117 
1285 
12118 
1286 
12119 
1287 
12120 
1288 
12121 
1289 
12122 
1290 
12123 
1291 
12124 
1292 
12125 
1293 
12126 
1294 
12127 
1295 
12128 
1296 
12129 
1297 
12130 
1298 
12131 
1299 
12132 
1300 
12133 
1301 
12134 
1302 
12135 
1303 
12136 
1304 
12137 
1305 
12138 
1306 
12139 
1307 
12140 
1308 
12141 
1309 
12142 
1310 
12143 
1311 
12144 
1312 
12145 
1313 
12146 
1314 
12147 
1315 
12148 
1316 
12149 
1317 
12150 
1318 
12151 
1319 
12152 
1320 
12153 
1321 
12154 
1322 
12155 
1323 
12156 
1324 
12157 
1325 
12158 
1326 
1327 
1328 
1329 
1330 
1331 
1332 
1333 
1334 
1335 
1336 
1337 
1338 
1339 
1340 
1341 
1342 
1343 
1344 
1345 
1346 
1347 
1348 
1349 
1350 
1351 
1352 
1353 
1354 
1355 
1356 
1357 
1358 
1359 
12192 
1360 
12193 
1361 
12194 
1362 
12195 
1363 
12196 
1364 
12197 
1365 
12198 
1366 
12199 
1367 
12200 
1368 
12201 
1369 
12202 
1370 
12203 
1371 
12204 
1372 
12205 
1373 
12206 
1374 
12207 
1375 
12208 
1376 
12209 
1377 
12210 
1378 
12211 
1379 
12212 
1380 
12213 
1381 
12214 
1382 
12215 
1383 
12216 
1384 
12217 
1385 
12218 
1386 
12219 
1387 
12220 
1388 
12221 
1389 
12222 
1390 
12223 
1391 
12224 
1392 
12225 
1393 
12226 
1394 
12227 
1395 
12228 
1396 
12229 
1397 
12230 
1398 
1399 
1400 
1401 
1402 
1403 
1404 
1405 
1406 
1407 
1408 
1409 
1410 
1411 
1412 
1413 
1414 
1415 
1416 
1417 
1418 
1419 
1420 
1421 
1422 
1423 
1424 
1425 
1426 
1427 
1428 
1429 
1430 
1431 
1432 
1433 
1434 
12267 
1435 
12268 
1436 
12269 
1437 
12270 
1438 
12271 
1439 
12272 
1440 
12273 
1441 
12274 
1442 
12275 
1443 
12276 
1444 
12277 
1445 
12278 
1446 
12279 
1447 
12280 
1448 
12281 
1449 
12282 
1450 
12283 
1451 
12284 
1452 
12285 
1453 
12286 
1454 
12287 
1455 
12288 
1456 
12289 
1457 
12290 
1458 
12291 
1459 
12292 
1460 
12293 
1461 
12294 
1462 
12295 
1463 
12296 
1464 
12297 
1465 
12298 
1466 
12299 
1467 
12300 
1468 
12301 
1469 
12302 
1470 
1471 
1472 
1473 
1474 
1475 
1476 
1477 
1478 
1479 
1480 
1481 
1482 
1483 
1484 
1485 
1486 
1487 
1488 
1489 
1490 
1491 
1492 
1493 
1494 
1495 
1496 
1497 
1498 
1499 
1500 
1501 
1502 
1503 
1504 
1505 
1506 
1507 
1508 
1509 
12342 
1510 
12343 
1511 
12344 
1512 
12345 
1513 
12346 
1514 
12347 
1515 
12348 
1516 
12349 
1517 
12350 
1518 
12351 
1519 
12352 
1520 
12353 
1521 
12354 
1522 
12355 
1523 
12356 
1524 
12357 
1525 
12358 
1526 
12359 
1527 
12360 
1528 
12361 
1529 
12362 
1530 
12363 
1531 
12364 
1532 
12365 
1533 
12366 
1534 
12367 
1535 
12368 
1536 
12369 
1537 
12370 
1538 
12371 
1539 
12372 
1540 
12373 
1541 
12374 
1542 
1543 
1544 
1545 
1546 
1547 
1548 
1549 
1550 
1551 
1552 
1553 
1554 
1555 
1556 
1557 
1558 
1559 
1560 
1561 
1562 
1563 
1564 
1565 
1566 
1567 
1568 
1569 
1570 
1571 
1572 
1573 
1574 
1575 
1576 
1577 
1578 
1579 
1580 
1581 
1582 
1583 
1584 
12417 
1585 
12418 
1586 
12419 
1587 
12420 
1588 
12421 
1589 
12422 
1590 
12423 
1591 
12424 
1592 
12425 
1593 
12426 
1594 
12427 
1595 
12428 
1596 
12429 
1597 
12430 
1598 
12431 
1599 
12432 
1600 
12433 
1601 
12434 
1602 
12435 
1603 
12436 
1604 
12437 
1605 
12438 
1606 
12439 
1607 
12440 
1608 
12441 
1609 
12442 
1610 
12443 
1611 
12444 
1612 
12445 
1613 
12446 
1614 
1615 
1616 
1617 
1618 
1619 
1620 
1621 
1622 
1623 
1624 
1625 
1626 
1627 
1628 
1629 
1630 
1631 
1632 
1633 
1634 
1635 
1636 
1637 
1638 
1639 
1640 
1641 
1642 
1643 
1644 
1645 
1646 
1647 
1648 
1649 
1650 
1651 
1652 
1653 
1654 
1655 
1656 
1657 
1658 
1659 
12492 
1660 
12493 
1661 
12494 
1662 
12495 
1663 
12496 
1664 
12497 
1665 
12498 
1666 
12499 
1667 
12500 
1668 
12501 
1669 
12502 
1670 
12503 
1671 
12504 
1672 
12505 
1673 
12506 
1674 
12507 
1675 
12508 
1676 
12509 
1677 
12510 
1678 
12511 
1679 
12512 
1680 
12513 
1681 
12514 
1682 
12515 
1683 
12516 
1684 
12517 
1685 
1686 
1687 
1688 
1689 
1690 
1691 
1692 
1693 
1694 
1695 
1696 
1697 
1698 
1699 
1700 
1701 
1702 
1703 
1704 
1705 
1706 
1707 
1708 
1709 
1710 
1711 
1712 
1713 
1714 
1715 
1716 
1717 
1718 
1719 
1720 
1721 
1722 
1723 
1724 
1725 
1726 
1727 
1728 
1729 
1730 
1731 
1732 
1733 
1734 
12567 
1735 
12568 
1736 
12569 
1737 
12570 
1738 
12571 
1739 
12572 
1740 
12573 
1741 
12574 
1742 
12575 
1743 
12576 
1744 
12577 
1745 
12578 
1746 
12579 
1747 
12580 
1748 
12581 
1749 
12582 
1750 
12583 
1751 
12584 
1752 
12585 
1753 
12586 
1754 
12587 
1755 
12588 
1756 
12589 
1757 
1758 
1759 
1760 
1761 
1762 
1763 
1764 
1765 
1766 
1767 
1768 
1769 
1770 
1771 
1772 
1773 
1774 
1775 
1776 
1777 
1778 
1779 
1780 
1781 
1782 
1783 
1784 
1785 
1786 
1787 
1788 
1789 
1790 
1791 
1792 
1793 
1794 
1795 
1796 
1797 
1798 
1799 
1800 
1801 
1802 
1803 
1804 
1805 
1806 
1807 
1808 
1809 
12642 
1810 
12643 
1811 
12644 
1812 
12645 
1813 
12646 
1814 
12647 
1815 
12648 
1816 
12649 
1817 
12650 
1818 
12651 
1819 
12652 
1820 
12653 
1821 
12654 
1822 
12655 
1823 
12656 
1824 
12657 
1825 
12658 
1826 
12659 
1827 
12660 
1828 
1829 
1830 
1831 
1832 
1833 
1834 
1835 
1836 
1837 
1838 
1839 
1840 
1841 
1842 
1843 
1844 
1845 
1846 
1847 
1848 
1849 
1850 
1851 
1852 
1853 
1854 
1855 
1856 
1857 
1858 
1859 
1860 
1861 
1862 
1863 
1864 
1865 
1866 
1867 
1868 
1869 
1870 
1871 
1872 
1873 
1874 
1875 
1876 
1877 
1878 
1879 
1880 
1881 
1882 
1883 
1884 
12717 
1885 
12718 
1886 
12719 
1887 
12720 
1888 
12721 
1889 
12722 
1890 
12723 
1891 
12724 
1892 
12725 
1893 
12726 
1894 
12727 
1895 
12728 
1896 
12729 
1897 
12730 
1898 
12731 
1899 
1900 
1901 
1902 
1903 
1904 
1905 
1906 
1907 
1908 
1909 
1910 
1911 
1912 
1913 
1914 
1915 
1916 
1917 
1918 
1919 
1920 
1921 
1922 
1923 
1924 
1925 
1926 
1927 
1928 
1929 
1930 
1931 
1932 
1933 
1934 
1935 
1936 
1937 
1938 
1939 
1940 
1941 
1942 
1943 
1944 
1945 
1946 
1947 
1948 
1949 
1950 
1951 
1952 
1953 
1954 
1955 
1956 
1957 
1958 
1959 
12792 
1960 
12793 
1961 
12794 
1962 
12795 
1963 
12796 
1964 
12797 
1965 
12798 
1966 
12799 
1967 
12800 
1968 
12801 
1969 
1970 
1971 
1972 
1973 
1974 
1975 
1976 
1977 
1978 
1979 
1980 
1981 
1982 
1983 
1984 
1985 
1986 
1987 
1988 
1989 
1990 
1991 
1992 
1993 
1994 
1995 
1996 
1997 
1998 
1999 
2000 
2001 
2002 
2003 
2004 
2005 
2006 
2007 
2008 
2009 
2010 
2011 
2012 
2013 
2014 
2015 
2016 
2017 
2018 
2019 
2020 
2021 
2022 
2023 
2024 
2025 
2026 
2027 
2028 
2029 
2030 
2031 
2032 
2033 
2034 
12867 
2035 
12868 
2036 
12869 
2037 
12870 
2038 
12871 
2039 
2040 
2041 
2042 
2043 
2044 
2045 
2046 
2047 
2048 
2049 
2050 
2051 
2052 
2053 
2054 
2055 
2056 
2057 
2058 
2059 
2060 
2061 
2062 
2063 
2064 
2065 
2066 
2067 
2068 
2069 
2070 
2071 
2072 
2073 
2074 
2075 
2076 
2077 
2078 
2079 
2080 
2081 
2082 
2083 
2084 
2085 
2086 
2087 
2088 
2089 
2090 
2091 
2092 
2093 
2094 
2095 
2096 
2097 
2098 
2099 
2100 
2101 
2102 
2103 
2104 
2105 
2106 
2107 
2108 
2109 
2110 
2111 
2112 
2113 
2114 
2115 
2116 
2117 
2118 
2119 
2120 
2121 
2122 
2123 
2124 
2125 
2126 
2127 
2128 
2129 
2130 
2131 
2132 
2133 
2134 
2135 
2136 
2137 
2138 
2139 
2140 
2141 
2142 
2143 
2144 
2145 
2146 
2147 
2148 
2149 
2150 
2151 
2152 
2153 
2154 
2155 
2156 
2157 
2158 
2159 
2160 
2161 
2162 
2163 
2164 
2165 
2166 
2167 
2168 
2169 
2170 
2171 
2172 
2173 
2174 
2175 
2176 
2177 
2178 
2179 
2180 
2181 
2182 
2183 
2184 
2185 
2186 
2187 
2188 
2189 
2190 
2191 
2192 
2193 
2194 
2195 
2196 
2197 
2198 
2199 
2200 
2201 
2202 
2203 
2204 
2205 
2206 
2207 
2208 
2209 
2210 
2211 
2212 
2213 
2214 
2215 
2216 
2217 
2218 
2219 
2220 
2221 
2222 
2223 
2224 
2225 
2226 
2227 
2228 
2229 
2230 
2231 
2232 
2233 
2234 
2235 
2236 
2237 
2238 
2239 
2240 
2241 
2242 
2243 
2244 
2245 
2246 
2247 
2248 
2249 
2250 
2251 
2252 
2253 
2254 
2255 
2256 
2257 
2258 
2259 
2260 
2261 
2262 
2263 
2264 
2265 
2266 
2267 
2268 
2269 
2270 
2271 
2272 
2273 
2274 
2275 
2276 
2277 
2278 
2279 
2280 
2281 
2282 
2283 
2284 
2285 
2286 
2287 
2288 
2289 
2290 
2291 
2292 
2293 
2294 
2295 
2296 
2297 
2298 
2299 
2300 
2301 
2302 
2303 
2304 
2305 
2306 
2307 
2308 
2309 
2310 
2311 
2312 
2313 
2314 
2315 
2316 
2317 
2318 
2319 
2320 
2321 
2322 
2325 
2326 
2327 
2328 
2329 
2330 
2331 
2332 
2333 
2334 
2335 
2336 
2337 
2338 
2339 
2340 
2341 
2342 
2343 
2344 
2345 
2346 
2347 
2348 
2349 
2350 
2351 
2352 
2353 
2354 
2355 
2356 
2357 
2358 
2359 
2360 
2361 
2362 
2363 
2364 
2365 
2366 
2367 
2368 
2369 
2370 
2371 
2372 
2373 
2374 
2375 
2376 
2377 
2378 
2379 
2380 
2381 
2382 
2383 
2384 
2385 
2386 
2387 
2388 
2389 
2390 
2391 
2392 
2393 
2394 
2400 
2401 
2402 
2403 
2404 
2405 
2406 
2407 
2408 
2409 
2410 
2411 
2412 
2413 
2414 
2415 
2416 
2417 
2418 
2419 
2420 
2421 
2422 
2423 
2424 
2425 
2426 
2427 
2428 
2429 
2430 
2431 
2432 
2433 
2434 
2435 
2436 
2437 
2438 
2439 
2440 
2441 
2442 
2443 
2444 
2445 
2446 
2447 
2448 
2449 
2450 
2451 
2452 
2453 
2454 
2455 
2456 
2457 
2458 
2459 
2460 
2461 
2462 
2463 
2464 
2465 
2466 
2475 
2476 
2477 
2478 
2479 
2480 
2481 
2482 
2483 
2484 
2485 
2486 
2487 
2488 
2489 
2490 
2491 
2492 
2493 
2494 
2495 
2496 
2497 
2498 
2499 
2500 
2501 
2502 
2503 
2504 
2505 
2506 
2507 
2508 
2509 
2510 
2511 
2512 
2513 
2514 
2515 
2516 
2517 
2518 
2519 
2520 
2521 
2522 
2523 
2524 
2525 
2526 
2527 
2528 
2529 
2530 
2531 
2532 
2533 
2534 
2535 
2536 
2537 
2538 
2550 
2551 
2552 
2553 
2554 
2555 
2556 
2557 
2558 
2559 
2560 
2561 
2562 
2563 
2564 
2565 
2566 
2567 
2568 
2569 
2570 
2571 
2572 
2573 
2574 
2575 
2576 
2577 
2578 
2579 
2580 
2581 
2582 
2583 
2584 
2585 
2586 
2587 
2588 
2589 
2590 
2591 
2592 
2593 
2594 
2595 
2596 
2597 
2598 
2599 
2600 
2601 
2602 
2603 
2604 
2605 
2606 
2607 
2608 
2609 
2610 
2625 
2626 
2627 
2628 
2629 
2630 
2631 
2632 
2633 
2634 
2635 
2636 
2637 
2638 
2639 
2640 
2641 
2642 
2643 
2644 
2645 
2646 
2647 
2648 
2649 
2650 
2651 
2652 
2653 
2654 
2655 
2656 
2657 
2658 
2659 
2660 
2661 
2662 
2663 
2664 
2665 
2666 
2667 
2668 
2669 
2670 
2671 
2672 
2673 
2674 
2675 
2676 
2677 
2678 
2679 
2680 
2681 
2682 
2683 
2700 
2701 
2702 
2703 
2704 
2705 
2706 
2707 
2708 
2709 
2710 
2711 
2712 
2713 
2714 
2715 
2716 
2717 
2718 
2719 
2720 
2721 
2722 
2723 
2724 
2725 
2726 
2727 
2728 
2729 
2730 
2731 
2732 
2733 
2734 
2735 
2736 
2737 
2738 
2739 
2740 
2741 
2742 
2743 
2744 
2745 
2746 
2747 
2748 
2749 
2750 
2751 
2752 
2753 
2754 
2755 
2775 
2776 
2777 
2778 
2779 
2780 
2781 
2782 
2783 
2784 
2785 
2786 
2787 
2788 
2789 
2790 
2791 
2792 
2793 
2794 
2795 
2796 
2797 
2798 
2799 
2800 
2801 
2802 
2803 
2804 
2805 
2806 
2807 
2808 
2809 
2810 
2811 
2812 
2813 
2814 
2815 
2816 
2817 
2818 
2819 
2820 
2821 
2822 
2823 
2824 
2825 
2826 
2827 
2828 
2850 
2851 
2852 
2853 
2854 
2855 
2856 
2857 
2858 
2859 
2860 
2861 
2862 
2863 
2864 
2865 
2866 
2867 
2868 
2869 
2870 
2871 
2872 
2873 
2874 
2875 
2876 
2877 
2878 
2879 
2880 
2881 
2882 
2883 
2884 
2885 
2886 
2887 
2888 
2889 
2890 
2891 
2892 
2893 
2894 
2895 
2896 
2897 
2898 
2899 
2900 
2901 
2925 
2926 
2927 
2928 
2929 
2930 
2931 
2932 
2933 
2934 
2935 
2936 
2937 
2938 
2939 
2940 
2941 
2942 
2943 
2944 
2945 
2946 
2947 
2948 
2949 
2950 
2951 
2952 
2953 
2954 
2955 
2956 
2957 
2958 
2959 
2960 
2961 
2962 
2963 
2964 
2965 
2966 
2967 
2968 
2969 
2970 
2971 
2972 
2973 
2974 
3000 
3001 
3002 
3003 
3004 
3005 
3006 
3007 
3008 
3009 
3010 
3011 
3012 
3013 
3014 
3015 
3016 
3017 
3018 
3019 
3020 
3021 
3022 
3023 
3024 
3025 
3026 
3027 
3028 
3029 
3030 
3031 
3032 
3033 
3034 
3035 
3036 
3037 
3038 
3039 
3040 
3041 
3042 
3043 
3044 
3045 
3046 
3047 
3075 
3076 
3077 
3078 
3079 
3080 
3081 
3082 
3083 
3084 
3085 
3086 
3087 
3088 
3089 
3090 
3091 
3092 
3093 
3094 
3095 
3096 
3097 
3098 
3099 
3100 
3101 
3102 
3103 
3104 
3105 
3106 
3107 
3108 
3109 
3110 
3111 
3112 
3113 
3114 
3115 
3116 
3117 
3118 
3119 
3120 
3150 
3151 
3152 
3153 
3154 
3155 
3156 
3157 
3158 
3159 
3160 
3161 
3162 
3163 
3164 
3165 
3166 
3167 
3168 
3169 
3170 
3171 
3172 
3173 
3174 
3175 
3176 
3177 
3178 
3179 
3180 
3181 
3182 
3183 
3184 
3185 
3186 
3187 
3188 
3189 
3190 
3191 
3192 
3193 
3194 
3225 
3226 
3227 
3228 
3229 
3230 
3231 
3232 
3233 
3234 
3235 
3236 
3237 
3238 
3239 
3240 
3241 
3242 
3243 
3244 
3245 
3246 
3247 
3248 
3249 
3250 
3251 
3252 
3253 
3254 
3255 
3256 
3257 
3258 
3259 
3260 
3261 
3262 
3263 
3264 
3265 
3266 
3267 
3300 
3301 
3302 
3303 
3304 
3305 
3306 
3307 
3308 
3309 
3310 
3311 
3312 
3313 
3314 
3315 
3316 
3317 
3318 
3319 
3320 
3321 
3322 
3323 
3324 
3325 
3326 
3327 
3328 
3329 
3330 
3331 
3332 
3333 
3334 
3335 
3336 
3337 
3338 
3339 
3340 
3375 
3376 
3377 
3378 
3379 
3380 
3381 
3382 
3383 
3384 
3385 
3386 
3387 
3388 
3389 
3390 
3391 
3392 
3393 
3394 
3395 
3396 
3397 
3398 
3399 
3400 
3401 
3402 
3403 
3404 
3405 
3406 
3407 
3408 
3409 
3410 
3411 
3412 
3413 
3414 
3450 
3451 
3452 
3453 
3454 
3455 
3456 
3457 
3458 
3459 
3460 
3461 
3462 
3463 
3464 
3465 
3466 
3467 
3468 
3469 
3470 
3471 
3472 
3473 
3474 
3475 
3476 
3477 
3478 
3479 
3480 
3481 
3482 
3483 
3484 
3485 
3486 
3487 
3525 
3526 
3527 
3528 
3529 
3530 
3531 
3532 
3533 
3534 
3535 
3536 
3537 
3538 
3539 
3540 
3541 
3542 
3543 
3544 
3545 
3546 
3547 
3548 
3549 
3550 
3551 
3552 
3553 
3554 
3555 
3556 
3557 
3558 
3559 
3560 
3600 
3601 
3602 
3603 
3604 
3605 
3606 
3607 
3608 
3609 
3610 
3611 
3612 
3613 
3614 
3615 
3616 
3617 
3618 
3619 
3620 
3621 
3622 
3623 
3624 
3625 
3626 
3627 
3628 
3629 
3630 
3631 
3632 
3633 
3634 
3675 
3676 
3677 
3678 
3679 
3680 
3681 
3682 
3683 
3684 
3685 
3686 
3687 
3688 
3689 
3690 
3691 
3692 
3693 
3694 
3695 
3696 
3697 
3698 
3699 
3700 
3701 
3702 
3703 
3704 
3705 
3706 
3707 
3750 
3751 
3752 
3753 
3754 
3755 
3756 
3757 
3758 
3759 
3760 
3761 
3762 
3763 
3764 
3765 
3766 
3767 
3768 
3769 
3770 
3771 
3772 
3773 
3774 
3775 
3776 
3777 
3778 
3779 
3780 
3781 
3825 
3826 
3827 
3828 
3829 
3830 
3831 
3832 
3833 
3834 
3835 
3836 
3837 
3838 
3839 
3840 
3841 
3842 
3843 
3844 
3845 
3846 
3847 
3848 
3849 
3850 
3851 
3852 
3853 
3854 
3900 
3901 
3902 
3903 
3904 
3905 
3906 
3907 
3908 
3909 
3910 
3911 
3912 
3913 
3914 
3915 
3916 
3917 
3918 
3919 
3920 
3921 
3922 
3923 
3924 
3925 
3926 
3927 
3928 
3975 
3976 
3977 
3978 
3979 
3980 
3981 
3982 
3983 
3984 
3985 
3986 
3987 
3988 
3989 
3990 
3991 
3992 
3993 
3994 
3995 
3996 
3997 
3998 
3999 
4000 
4001 
4050 
4051 
4052 
4053 
4054 
4055 
4056 
4057 
4058 
4059 
4060 
4061 
4062 
4063 
4064 
4065 
4066 
4067 
4068 
4069 
4070 
4071 
4072 
4073 
4074 
4125 
4126 
4127 
4128 
4129 
4130 
4131 
4132 
4133 
4134 
4135 
4136 
4137 
4138 
4139 
4140 
4141 
4142 
4143 
4144 
4145 
4146 
4147 
4148 
4200 
4201 
4202 
4203 
4204 
4205 
4206 
4207 
4208 
4209 
4210 
4211 
4212 
4213 
4214 
4215 
4216 
4217 
4218 
4219 
4220 
4221 
4275 
4276 
4277 
4278 
4279 
4280 
4281 
4282 
4283 
4284 
4285 
4286 
4287 
4288 
4289 
4290 
4291 
4292 
4293 
4294 
4350 
4351 
4352 
4353 
4354 
4355 
4356 
4357 
4358 
4359 
4360 
4361 
4362 
4363 
4364 
4365 
4366 
4367 
4425 
4426 
4427 
4428 
4429 
4430 
4431 
4432 
4433 
4434 
4435 
4436 
4437 
4438 
4439 
4440 
4500 
4501 
4502 
4503 
4504 
4505 
4506 
4507 
4508 
4509 
4510 
4511 
4512 
4575 
4576 
4577 
4578 
4579 
4580 
4581 
4582 
4583 
4584 
4585 
4650 
4651 
4652 
4653 
4654 
4655 
4656 
4657 
4725 
4726 
4727 
4728 
4729 
4800 
4801 
7500 
7501 
7502 
7503 
7504 
7505 
7506 
7507 
7508 
7509 
7510 
7511 
7512 
7513 
7514 
7515 
7516 
7517 
7518 
7519 
7520 
7521 
7522 
7523 
7524 
7525 
7526 
7527 
7528 
7529 
7530 
7531 
7532 
7533 
7534 
7535 
7536 
7537 
7538 
7539 
7540 
7541 
7542 
7543 
7544 
7545 
7546 
7547 
7548 
7549 
7550 
7551 
7552 
7553 
7554 
7555 
7556 
7557 
7558 
7559 
7560 
7561 
7562 
7563 
7564 
7565 
7566 
7567 
7568 
7569 
7570 
7571 
7572 
7573 
7574 
7575 
7576 
7577 
7578 
7579 
7580 
7581 
7582 
7583 
7584 
7585 
7586 
7587 
7588 
7589 
7590 
7591 
7592 
7593 
7594 
7595 
7596 
7597 
7598 
7599 
7600 
7601 
7602 
7603 
7604 
7605 
7606 
7607 
7608 
7609 
7610 
7611 
7612 
7613 
7614 
7615 
7616 
7617 
7618 
7619 
7620 
7621 
7622 
7623 
7624 
7625 
7626 
7627 
7628 
7629 
7630 
7631 
7632 
7633 
7634 
7635 
7636 
7637 
7638 
7639 
7640 
7641 
7642 
7643 
7644 
7645 
7646 
7647 
7648 
7649 
7650 
7651 
7652 
7653 
7654 
7655 
7656 
7657 
7658 
7659 
7660 
7661 
7662 
7663 
7664 
7665 
7666 
7667 
7668 
7669 
7670 
7671 
7672 
7673 
7674 
7675 
7676 
7677 
7678 
7679 
7680 
7681 
7682 
7683 
7684 
7685 
7686 
7687 
7688 
7689 
7690 
7691 
7692 
7693 
7694 
7695 
7696 
7697 
7698 
7699 
7700 
7701 
7702 
7703 
7704 
7705 
7706 
7707 
7708 
7709 
7710 
7711 
7712 
7713 
7714 
7715 
7716 
7717 
7718 
7719 
7720 
7721 
7722 
7723 
7724 
7725 
7726 
7727 
7728 
7729 
7730 
7731 
7732 
7733 
7734 
7735 
7736 
7737 
7738 
7739 
7740 
7741 
7742 
7743 
7744 
7745 
7746 
7747 
7748 
7749 
7750 
7751 
7752 
7753 
7754 
7755 
7756 
7757 
7758 
7759 
7760 
7761 
7762 
7763 
7764 
7765 
7766 
7767 
7768 
7769 
7770 
7771 
7772 
7773 
7774 
7775 
7776 
7777 
7778 
7779 
7780 
7781 
7782 
7783 
7784 
7785 
7786 
7787 
7788 
7789 
7790 
7791 
7792 
7793 
7794 
7795 
7796 
7797 
7798 
7799 
7800 
7801 
7802 
7803 
7804 
7805 
7806 
7807 
7808 
7809 
7810 
7811 
7812 
7813 
7814 
7815 
7816 
7817 
7818 
7819 
7820 
7821 
7822 
7823 
7824 
7825 
7826 
7827 
7828 
7829 
7830 
7831 
7832 
7833 
7834 
7835 
7836 
7837 
7838 
7839 
7840 
7841 
7842 
7843 
7844 
7845 
7846 
7847 
7848 
7849 
7850 
7851 
7852 
7853 
7854 
7855 
7856 
7857 
7858 
7859 
7860 
7861 
7862 
7863 
7864 
7865 
7866 
7867 
7868 
7869 
7870 
7871 
7872 
7873 
7874 
7875 
7876 
7877 
7878 
7879 
7880 
7881 
7882 
7883 
7884 
7885 
7886 
7887 
7888 
7889 
7890 
7891 
7892 
7893 
7894 
7895 
7896 
7897 
7898 
7899 
7900 
7901 
7902 
7903 
7904 
7905 
7906 
7907 
7908 
7909 
7910 
7911 
7912 
7913 
7914 
7915 
7916 
7917 
7918 
7919 
7920 
7921 
7922 
7923 
7924 
7925 
7926 
7927 
7928 
7929 
7930 
7931 
7932 
7933 
7934 
7935 
7936 
7937 
7938 
7939 
7940 
7941 
7942 
7943 
7944 
7945 
7946 
7947 
7948 
7949 
7950 
7951 
7952 
7953 
7954 
7955 
7956 
7957 
7958 
7959 
7960 
7961 
7962 
7963 
7964 
7965 
7966 
7967 
7968 
7969 
7970 
7971 
7972 
7973 
7974 
7975 
7976 
7977 
7978 
7979 
7980 
7981 
7982 
7983 
7984 
7985 
7986 
7987 
7988 
7989 
7990 
7991 
7992 
7993 
7994 
7995 
7996 
7997 
7998 
7999 
8000 
8001 
8002 
8003 
8004 
8005 
8006 
8007 
8008 
8009 
8010 
8011 
8012 
8013 
8014 
8015 
8016 
8017 
8018 
8019 
8020 
8021 
8022 
8023 
8024 
8025 
8026 
8027 
8028 
8029 
8030 
8031 
8032 
8033 
8034 
8035 
8036 
8037 
8038 
8039 
8040 
8041 
8042 
8043 
8044 
8045 
8046 
8047 
8048 
8049 
8050 
8051 
8052 
8053 
8054 
8055 
8056 
8057 
8058 
8059 
8060 
8061 
8062 
8063 
8064 
8065 
8066 
8067 
8068 
8069 
8070 
8071 
8072 
8073 
8074 
8075 
8076 
8077 
8078 
8079 
8080 
8081 
8082 
8083 
8084 
8085 
8086 
8087 
8088 
8089 
8090 
8091 
8092 
8093 
8094 
8095 
8096 
8097 
8098 
8099 
8100 
8101 
8102 
8103 
8104 
8105 
8106 
8107 
8108 
8109 
8110 
8111 
8112 
8113 
8114 
8115 
8116 
8117 
8118 
8119 
8120 
8121 
8122 
8123 
8124 
8125 
8126 
8127 
8128 
8129 
8130 
8131 
8132 
8133 
8134 
8135 
8136 
8137 
8138 
8139 
8140 
8141 
8142 
8143 
8144 
8145 
8146 
8147 
8148 
8149 
8150 
8151 
8152 
8153 
8154 
8155 
8156 
8157 
8158 
8159 
8160 
8161 
8162 
8163 
8164 
8165 
8166 
8167 
8168 
8169 
8170 
8171 
8172 
8173 
8174 
8175 
8176 
8177 
8178 
8179 
8180 
8181 
8182 
8183 
8184 
8185 
8186 
8187 
8188 
8189 
8190 
8191 
8192 
8193 
8194 
8195 
8196 
8197 
8198 
8199 
8200 
8201 
8202 
8203 
8204 
8205 
8206 
8207 
8208 
8209 
8210 
8211 
8212 
8213 
8214 
8215 
8216 
8217 
8218 
8219 
8220 
8221 
8222 
8223 
8224 
8225 
8226 
8227 
8228 
8229 
8230 
8231 
8232 
8233 
8234 
8235 
8236 
8237 
8238 
8239 
8240 
8241 
8242 
8243 
8244 
8245 
8246 
8247 
8248 
8249 
8250 
8251 
8252 
8253 
8254 
8255 
8256 
8257 
8258 
8259 
8260 
8261 
8262 
8263 
8264 
8265 
8266 
8267 
8268 
8269 
8270 
8271 
8272 
8273 
8274 
8275 
8276 
8277 
8278 
8279 
8280 
8281 
8282 
8283 
8284 
8285 
8286 
8287 
8288 
8289 
8290 
8291 
8292 
8293 
8294 
8295 
8296 
8297 
8298 
8299 
8300 
8301 
8302 
8303 
8304 
8305 
8306 
8307 
8308 
8309 
8310 
8311 
8312 
8313 
8314 
8315 
8316 
8317 
8318 
8319 
8320 
8321 
8322 
8323 
8324 
8325 
8326 
8327 
8328 
8329 
8330 
8331 
8332 
8333 
8334 
8335 
8336 
8337 
8338 
8339 
8340 
8341 
8342 
8343 
8344 
8345 
8346 
8347 
8348 
8349 
8350 
8351 
8352 
8353 
8354 
8355 
8356 
8357 
8358 
8359 
8360 
8361 
8362 
8363 
8364 
8365 
8366 
8367 
8368 
8369 
8370 
8371 
8372 
8373 
8374 
8375 
8376 
8377 
8378 
8379 
8380 
8381 
8382 
8383 
8384 
8385 
8386 
8387 
8388 
8389 
8390 
8391 
8392 
8393 
8394 
8395 
8396 
8397 
8398 
8399 
8400 
8401 
8402 
8403 
8404 
8405 
8406 
8407 
8408 
8409 
8410 
8411 
8412 
8413 
8414 
8415 
8416 
8417 
8418 
8419 
8420 
8421 
8422 
8423 
8424 
8425 
8426 
8427 
8428 
8429 
8430 
8431 
8432 
8433 
8434 
8435 
8436 
8437 
8438 
8439 
8440 
8441 
8442 
8443 
8444 
8445 
8446 
8447 
8448 
8449 
8450 
8451 
8452 
8453 
8454 
8455 
8456 
8457 
8458 
8459 
8460 
8461 
8462 
8463 
8464 
8465 
8466 
8467 
8468 
8469 
8470 
8471 
8472 
8473 
8474 
8475 
8476 
8477 
8478 
8479 
8480 
8481 
8482 
8483 
8484 
8485 
8486 
8487 
8488 
8489 
8490 
8491 
8492 
8493 
8494 
8495 
8496 
8497 
8498 
8499 
8500 
8501 
8502 
8503 
8504 
8505 
8506 
8507 
8508 
8509 
8510 
8511 
8512 
8513 
8514 
8515 
8516 
8517 
8518 
8519 
8520 
8521 
8522 
8523 
8524 
8525 
8526 
8527 
8528 
8529 
8530 
8531 
8532 
8533 
8534 
8535 
8536 
8537 
8538 
8539 
8540 
8541 
8542 
8543 
8544 
8545 
8546 
8547 
8548 
8549 
8550 
8551 
8552 
8553 
8554 
8555 
8556 
8557 
8558 
8559 
8560 
8561 
8562 
8563 
8564 
8565 
8566 
8567 
8568 
8569 
8570 
8571 
8572 
8573 
8574 
8575 
8576 
8577 
8578 
8579 
8580 
8581 
8582 
8583 
8584 
8585 
8586 
8587 
8588 
8589 
8590 
8591 
8592 
8593 
8594 
8595 
8596 
8597 
8598 
8599 
8600 
8601 
8602 
8603 
8604 
8605 
8606 
8607 
8608 
8609 
8610 
8611 
8612 
8613 
8614 
8615 
8616 
8617 
8618 
8619 
8620 
8621 
8622 
8623 
8624 
8625 
8626 
8627 
8628 
8629 
8630 
8631 
8632 
8633 
8634 
8635 
8636 
8637 
8638 
8639 
8640 
8641 
8642 
8643 
8644 
8645 
8646 
8647 
8648 
8649 
8650 
8651 
8652 
8653 
8654 
8655 
8656 
8657 
8658 
8659 
8660 
8661 
8662 
8663 
8664 
8665 
8666 
8667 
8668 
8669 
8670 
8671 
8672 
8673 
8674 
8675 
8676 
8677 
8678 
8679 
8680 
8681 
8682 
8683 
8684 
8685 
8686 
8687 
8688 
8689 
8690 
8691 
8692 
8693 
8694 
8695 
8696 
8697 
8700 
8701 
8702 
8703 
8704 
8705 
8712 
8713 
8714 
8715 
8716 
8717 
8718 
8719 
8720 
8721 
8722 
8723 
8724 
8725 
8726 
8727 
8728 
8729 
8730 
8731 
8732 
8733 
8734 
8735 
8736 
8737 
8738 
8739 
8740 
8741 
8742 
8743 
8744 
8745 
8746 
8747 
8748 
8749 
8750 
8751 
8752 
8753 
8754 
8755 
8756 
8757 
8758 
8759 
8760 
8761 
8762 
8763 
8764 
8765 
8766 
8767 
8768 
8769 
8770 
8771 
8772 
8773 
8774 
8787 
8788 
8789 
8790 
8791 
8792 
8793 
8794 
8795 
8796 
8797 
8798 
8799 
8800 
8801 
8802 
8803 
8804 
8805 
8806 
8807 
8808 
8809 
8810 
8811 
8812 
8813 
8814 
8815 
8816 
8817 
8818 
8819 
8820 
8821 
8822 
8823 
8824 
8825 
8826 
8827 
8828 
8829 
8830 
8831 
8832 
8833 
8834 
8835 
8836 
8837 
8838 
8839 
8840 
8841 
8842 
8843 
8844 
8845 
8846 
8847 
8862 
8863 
8864 
8865 
8866 
8867 
8868 
8869 
8870 
8871 
8872 
8873 
8874 
8875 
8876 
8877 
8878 
8879 
8880 
8881 
8882 
8883 
8884 
8885 
8886 
8887 
8888 
8889 
8890 
8891 
8892 
8893 
8894 
8895 
8896 
8897 
8898 
8899 
8900 
8901 
8902 
8903 
8904 
8905 
8906 
8907 
8908 
8909 
8910 
8911 
8912 
8913 
8914 
8915 
8916 
8917 
8937 
8938 
8939 
8940 
8941 
8942 
8943 
8944 
8945 
8946 
8947 
8948 
8949 
8950 
8951 
8952 
8953 
8954 
8955 
8956 
8957 
8958 
8959 
8960 
8961 
8962 
8963 
8964 
8965 
8966 
8967 
8968 
8969 
8970 
8971 
8972 
8973 
8974 
8975 
8976 
8977 
8978 
8979 
8980 
8981 
8982 
8983 
8984 
8985 
8986 
8987 
8988 
9012 
9013 
9014 
9015 
9016 
9017 
9018 
9019 
9020 
9021 
9022 
9023 
9024 
9025 
9026 
9027 
9028 
9029 
9030 
9031 
9032 
9033 
9034 
9035 
9036 
9037 
9038 
9039 
9040 
9041 
9042 
9043 
9044 
9045 
9046 
9047 
9048 
9049 
9050 
9051 
9052 
9053 
9054 
9055 
9056 
9057 
9058 
9059 
9087 
9088 
9089 
9090 
9091 
9092 
9093 
9094 
9095 
9096 
9097 
9098 
9099 
9100 
9101 
9102 
9103 
9104 
9105 
9106 
9107 
9108 
9109 
9110 
9111 
9112 
9113 
9114 
9115 
9116 
9117 
9118 
9119 
9120 
9121 
9122 
9123 
9124 
9125 
9126 
9127 
9128 
9129 
9130 
9162 
9163 
9164 
9165 
9166 
9167 
9168 
9169 
9170 
9171 
9172 
9173 
9174 
9175 
9176 
9177 
9178 
9179 
9180 
9181 
9182 
9183 
9184 
9185 
9186 
9187 
9188 
9189 
9190 
9191 
9192 
9193 
9194 
9195 
9196 
9197 
9198 
9199 
9200 
9201 
9202 
9237 
9238 
9239 
9240 
9241 
9242 
9243 
9244 
9245 
9246 
9247 
9248 
9249 
9250 
9251 
9252 
9253 
9254 
9255 
9256 
9257 
9258 
9259 
9260 
9261 
9262 
9263 
9264 
9265 
9266 
9267 
9268 
9269 
9270 
9271 
9272 
9273 
9274 
9312 
9313 
9314 
9315 
9316 
9317 
9318 
9319 
9320 
9321 
9322 
9323 
9324 
9325 
9326 
9327 
9328 
9329 
9330 
9331 
9332 
9333 
9334 
9335 
9336 
9337 
9338 
9339 
9340 
9341 
9342 
9343 
9344 
9345 
9387 
9388 
9389 
9390 
9391 
9392 
9393 
9394 
9395 
9396 
9397 
9398 
9399 
9400 
9401 
9402 
9403 
9404 
9405 
9406 
9407 
9408 
9409 
9410 
9411 
9412 
9413 
9414 
9415 
9416 
9417 
9462 
9463 
9464 
9465 
9466 
9467 
9468 
9469 
9470 
9471 
9472 
9473 
9474 
9475 
9476 
9477 
9478 
9479 
9480 
9481 
9482 
9483 
9484 
9485 
9486 
9487 
9488 
9489 
9537 
9538 
9539 
9540 
9541 
9542 
9543 
9544 
9545 
9546 
9547 
9548 
9549 
9550 
9551 
9552 
9553 
9554 
9555 
9556 
9557 
9558 
9559 
9560 
9561 
9612 
9613 
9614 
9615 
9616 
9617 
9618 
9619 
9620 
9621 
9622 
9623 
9624 
9625 
9626 
9627 
9628 
9629 
9630 
9631 
9632 
9687 
9688 
9689 
9690 
9691 
9692 
9693 
9694 
9695 
9696 
9697 
9698 
9699 
9700 
9701 
9702 
9703 
9762 
9763 
9764 
9765 
9766 
9767 
9768 
9769 
9770 
9771 
9772 
9773 
9774 
9837 
9838 
9839 
9840 
9841 
9842 
9843 
9844 
9912 
9913 
10544 
10545 
10546 
10547 
10548 
10549 
10550 
10551 
10552 
10553 
10554 
10555 
10556 
10557 
10558 
10559 
10560 
10561 
10562 
10563 
10564 
10565 
10566 
10567 
10568 
10569 
10570 
10571 
10572 
10573 
10574 
10575 
10576 
10577 
10578 
10579 
10580 
10581 
10582 
10583 
10584 
10585 
10586 
10587 
10588 
10589 
10590 
10591 
10592 
10593 
10594 
10595 
10596 
10597 
10598 
10599 
10600 
10601 
10602 
10603 
10604 
10605 
10606 
10607 
10608 
10609 
10610 
10611 
10612 
10613 
10614 
10615 
10616 
10617 
10618 
10619 
10620 
10621 
10622 
10623 
10624 
10625 
10626 
10627 
10628 
10629 
10630 
10631 
10632 
10633 
10634 
10635 
10636 
10637 
10638 
10639 
10640 
10641 
10642 
10643 
10644 
10645 
10646 
10647 
10648 
10649 
10650 
10651 
10652 
10653 
10654 
10655 
10656 
10657 
10658 
10659 
10660 
10661 
10662 
10663 
10664 
10665 
10666 
10667 
10668 
10669 
10670 
10671 
10672 
10673 
10674 
10675 
10676 
10677 
10678 
10679 
10680 
10681 
10682 
10683 
10684 
10685 
10686 
10687 
10688 
10689 
10690 
10691 
10692 
10693 
10694 
10695 
10696 
10697 
10698 
10699 
10700 
10701 
10702 
10703 
10704 
10705 
10706 
10707 
10708 
10709 
10710 
10711 
10712 
10713 
10714 
10715 
10716 
10717 
10718 
10719 
10720 
10721 
10722 
10723 
10724 
10725 
10726 
10727 
10728 
10729 
10730 
10731 
10732 
10733 
10734 
10735 
10736 
10737 
10738 
10739 
10740 
10741 
10742 
10743 
10744 
10745 
10746 
10747 
10748 
10749 
10750 
10751 
10752 
10753 
10754 
10755 
10756 
10757 
10758 
10759 
10760 
10761 
10762 
10763 
10764 
10765 
10766 
10767 
10768 
10769 
10770 
10771 
10772 
10773 
10774 
10775 
10776 
10777 
10778 
10779 
10780 
10781 
10782 
10783 
10784 
10785 
10786 
10787 
10788 
10789 
10790 
10791 
10792 
10793 
10794 
10795 
10796 
10797 
10798 
10799 
10800 
10801 
10802 
10803 
10804 
10805 
10806 
10807 
10808 
10809 
10810 
10811 
10812 
10813 
10814 
10815 
10816 
10817 
10818 
10819 
10820 
10821 
10822 
10823 
10824 
10825 
10826 
10827 
10828 
10829 
10830 
10831 
)

// ************************************************************************* //
