    0.0875    1.8e-05
    0.2625    1.8e-05
    0.4375    1.8e-05
    0.6125    1.8e-05
    0.7875    1.8e-05
    0.9625    1.8e-05
    1.1375    1.8e-05
    1.3125    1.8e-05
    1.4875    1.8e-05
    1.6625    1.8e-05
    1.8375    1.8e-05
    2.0125    1.8e-05
    2.1875    1.8e-05
    2.3625    1.8e-05
    2.5375    1.8e-05
    2.7125    1.8e-05
    2.8875    1.8e-05
    3.0625    1.8e-05
    3.2375    1.8e-05
    3.4125    1.8e-05
    3.5875    1.8e-05
    3.7625    1.8e-05
    3.9375    1.8e-05
    4.1125    1.8e-05
    4.2875    1.8e-05
    4.4625    1.8e-05
    4.6375    1.8e-05
    4.8125    1.8e-05
    4.9875    1.8e-05
    5.1625    1.8e-05
    5.3375    1.8e-05
    5.5125    1.8e-05
    5.6875    1.8e-05
    5.8625    1.8e-05
    6.0375    1.8e-05
    6.2125    1.8e-05
    6.3875    1.8e-05
    6.5625    1.8e-05
    6.7375    1.8e-05
    6.9125    1.8e-05
       7.1    1.8e-05
       7.3    1.8e-05
       7.5    1.8e-05
       7.7    1.8e-05
       7.9    1.8e-05
       8.1    1.8e-05
       8.3    1.8e-05
       8.5    1.8e-05
       8.7    1.8e-05
       8.9    1.8e-05
       9.1    1.8e-05
       9.3    1.8e-05
       9.5    1.8e-05
       9.7    1.8e-05
       9.9    1.8e-05
      10.1    1.8e-05
      10.3    1.8e-05
      10.5    1.8e-05
      10.7    1.8e-05
      10.9    1.8e-05
      11.1    1.8e-05
      11.3    1.8e-05
      11.5    1.8e-05
      11.7    1.8e-05
      11.9    1.8e-05
      12.1    1.8e-05
      12.3    1.8e-05
      12.5    1.8e-05
      12.7    1.8e-05
      12.9    1.8e-05
      13.1    1.8e-05
      13.3    1.8e-05
      13.5    1.8e-05
      13.7    1.8e-05
      13.9    1.8e-05
      14.1    1.8e-05
      14.3    1.8e-05
      14.5    1.8e-05
      14.7    1.8e-05
      14.9    1.8e-05
