/*--------------------------------*- C++ -*----------------------------------*\
| =========                 |                                                 |
| \\      /  F ield         | foam-extend: Open Source CFD                    |
|  \\    /   O peration     | Version:     3.2                                |
|   \\  /    A nd           | Web:         http://www.foam-extend.org         |
|    \\/     M anipulation  |                                                 |
\*---------------------------------------------------------------------------*/
FoamFile
{
    version     2.0;
    format      ascii;
    class       faceList;
    location    "constant/polyMesh";
    object      faces;
}
// * * * * * * * * * * * * * * * * * * * * * * * * * * * * * * * * * * * * * //

4334
(
4(138 660 661 585)
4(1 585 661 33)
4(0 32 660 138)
4(32 33 661 660)
4(139 734 735 554)
4(585 554 735 661)
4(138 660 734 139)
4(660 661 735 734)
4(140 808 809 523)
4(554 523 809 735)
4(139 734 808 140)
4(734 735 809 808)
4(141 882 883 492)
4(523 492 883 809)
4(140 808 882 141)
4(808 809 883 882)
4(142 956 957 461)
4(492 461 957 883)
4(141 882 956 142)
4(882 883 957 956)
4(143 1030 1031 430)
4(461 430 1031 957)
4(142 956 1030 143)
4(956 957 1031 1030)
4(144 1104 1105 399)
4(430 399 1105 1031)
4(143 1030 1104 144)
4(1030 1031 1105 1104)
4(145 1178 1179 368)
4(399 368 1179 1105)
4(144 1104 1178 145)
4(1104 1105 1179 1178)
4(146 1252 1253 337)
4(368 337 1253 1179)
4(145 1178 1252 146)
4(1178 1179 1253 1252)
4(147 1326 1327 306)
4(337 306 1327 1253)
4(146 1252 1326 147)
4(1252 1253 1327 1326)
4(148 1400 1401 275)
4(306 275 1401 1327)
4(147 1326 1400 148)
4(1326 1327 1401 1400)
4(149 1474 1475 244)
4(275 244 1475 1401)
4(148 1400 1474 149)
4(1400 1401 1475 1474)
4(150 1548 1549 213)
4(244 213 1549 1475)
4(149 1474 1548 150)
4(1474 1475 1549 1548)
4(151 1622 1623 182)
4(213 182 1623 1549)
4(150 1548 1622 151)
4(1548 1549 1623 1622)
4(182 107 587 1623)
4(151 1622 586 106)
4(1622 1623 587 586)
4(661 662 584 585)
4(34 2 584 662)
4(33 34 662 661)
4(735 736 553 554)
4(662 584 553 736)
4(661 662 736 735)
4(809 810 522 523)
4(736 553 522 810)
4(735 736 810 809)
4(883 884 491 492)
4(810 522 491 884)
4(809 810 884 883)
4(957 958 460 461)
4(884 491 460 958)
4(883 884 958 957)
4(1031 1032 429 430)
4(958 460 429 1032)
4(957 958 1032 1031)
4(1105 1106 398 399)
4(1032 429 398 1106)
4(1031 1032 1106 1105)
4(1179 1180 367 368)
4(1106 398 367 1180)
4(1105 1106 1180 1179)
4(1253 1254 336 337)
4(1180 367 336 1254)
4(1179 1180 1254 1253)
4(1327 1328 305 306)
4(1254 336 305 1328)
4(1253 1254 1328 1327)
4(1401 1402 274 275)
4(1328 305 274 1402)
4(1327 1328 1402 1401)
4(1475 1476 243 244)
4(1402 274 243 1476)
4(1401 1402 1476 1475)
4(1549 1550 212 213)
4(1476 243 212 1550)
4(1475 1476 1550 1549)
4(1623 1624 181 182)
4(1550 212 181 1624)
4(1549 1550 1624 1623)
4(1624 181 108 588)
4(1623 1624 588 587)
4(662 663 583 584)
4(35 3 583 663)
4(34 35 663 662)
4(736 737 552 553)
4(663 583 552 737)
4(662 663 737 736)
4(810 811 521 522)
4(737 552 521 811)
4(736 737 811 810)
4(884 885 490 491)
4(811 521 490 885)
4(810 811 885 884)
4(958 959 459 460)
4(885 490 459 959)
4(884 885 959 958)
4(1032 1033 428 429)
4(959 459 428 1033)
4(958 959 1033 1032)
4(1106 1107 397 398)
4(1033 428 397 1107)
4(1032 1033 1107 1106)
4(1180 1181 366 367)
4(1107 397 366 1181)
4(1106 1107 1181 1180)
4(1254 1255 335 336)
4(1181 366 335 1255)
4(1180 1181 1255 1254)
4(1328 1329 304 305)
4(1255 335 304 1329)
4(1254 1255 1329 1328)
4(1402 1403 273 274)
4(1329 304 273 1403)
4(1328 1329 1403 1402)
4(1476 1477 242 243)
4(1403 273 242 1477)
4(1402 1403 1477 1476)
4(1550 1551 211 212)
4(1477 242 211 1551)
4(1476 1477 1551 1550)
4(1624 1625 180 181)
4(1551 211 180 1625)
4(1550 1551 1625 1624)
4(1625 180 109 589)
4(1624 1625 589 588)
4(663 664 582 583)
4(36 4 582 664)
4(35 36 664 663)
4(737 738 551 552)
4(664 582 551 738)
4(663 664 738 737)
4(811 812 520 521)
4(738 551 520 812)
4(737 738 812 811)
4(885 886 489 490)
4(812 520 489 886)
4(811 812 886 885)
4(959 960 458 459)
4(886 489 458 960)
4(885 886 960 959)
4(1033 1034 427 428)
4(960 458 427 1034)
4(959 960 1034 1033)
4(1107 1108 396 397)
4(1034 427 396 1108)
4(1033 1034 1108 1107)
4(1181 1182 365 366)
4(1108 396 365 1182)
4(1107 1108 1182 1181)
4(1255 1256 334 335)
4(1182 365 334 1256)
4(1181 1182 1256 1255)
4(1329 1330 303 304)
4(1256 334 303 1330)
4(1255 1256 1330 1329)
4(1403 1404 272 273)
4(1330 303 272 1404)
4(1329 1330 1404 1403)
4(1477 1478 241 242)
4(1404 272 241 1478)
4(1403 1404 1478 1477)
4(1551 1552 210 211)
4(1478 241 210 1552)
4(1477 1478 1552 1551)
4(1625 1626 179 180)
4(1552 210 179 1626)
4(1551 1552 1626 1625)
4(1626 179 110 590)
4(1625 1626 590 589)
4(664 665 581 582)
4(37 5 581 665)
4(36 37 665 664)
4(738 739 550 551)
4(665 581 550 739)
4(664 665 739 738)
4(812 813 519 520)
4(739 550 519 813)
4(738 739 813 812)
4(886 887 488 489)
4(813 519 488 887)
4(812 813 887 886)
4(960 961 457 458)
4(887 488 457 961)
4(886 887 961 960)
4(1034 1035 426 427)
4(961 457 426 1035)
4(960 961 1035 1034)
4(1108 1109 395 396)
4(1035 426 395 1109)
4(1034 1035 1109 1108)
4(1182 1183 364 365)
4(1109 395 364 1183)
4(1108 1109 1183 1182)
4(1256 1257 333 334)
4(1183 364 333 1257)
4(1182 1183 1257 1256)
4(1330 1331 302 303)
4(1257 333 302 1331)
4(1256 1257 1331 1330)
4(1404 1405 271 272)
4(1331 302 271 1405)
4(1330 1331 1405 1404)
4(1478 1479 240 241)
4(1405 271 240 1479)
4(1404 1405 1479 1478)
4(1552 1553 209 210)
4(1479 240 209 1553)
4(1478 1479 1553 1552)
4(1626 1627 178 179)
4(1553 209 178 1627)
4(1552 1553 1627 1626)
4(1627 178 111 591)
4(1626 1627 591 590)
4(665 666 580 581)
4(38 6 580 666)
4(37 38 666 665)
4(739 740 549 550)
4(666 580 549 740)
4(665 666 740 739)
4(813 814 518 519)
4(740 549 518 814)
4(739 740 814 813)
4(887 888 487 488)
4(814 518 487 888)
4(813 814 888 887)
4(961 962 456 457)
4(888 487 456 962)
4(887 888 962 961)
4(1035 1036 425 426)
4(962 456 425 1036)
4(961 962 1036 1035)
4(1109 1110 394 395)
4(1036 425 394 1110)
4(1035 1036 1110 1109)
4(1183 1184 363 364)
4(1110 394 363 1184)
4(1109 1110 1184 1183)
4(1257 1258 332 333)
4(1184 363 332 1258)
4(1183 1184 1258 1257)
4(1331 1332 301 302)
4(1258 332 301 1332)
4(1257 1258 1332 1331)
4(1405 1406 270 271)
4(1332 301 270 1406)
4(1331 1332 1406 1405)
4(1479 1480 239 240)
4(1406 270 239 1480)
4(1405 1406 1480 1479)
4(1553 1554 208 209)
4(1480 239 208 1554)
4(1479 1480 1554 1553)
4(1627 1628 177 178)
4(1554 208 177 1628)
4(1553 1554 1628 1627)
4(1628 177 112 592)
4(1627 1628 592 591)
4(666 667 579 580)
4(39 7 579 667)
4(38 39 667 666)
4(740 741 548 549)
4(667 579 548 741)
4(666 667 741 740)
4(814 815 517 518)
4(741 548 517 815)
4(740 741 815 814)
4(888 889 486 487)
4(815 517 486 889)
4(814 815 889 888)
4(962 963 455 456)
4(889 486 455 963)
4(888 889 963 962)
4(1036 1037 424 425)
4(963 455 424 1037)
4(962 963 1037 1036)
4(1110 1111 393 394)
4(1037 424 393 1111)
4(1036 1037 1111 1110)
4(1184 1185 362 363)
4(1111 393 362 1185)
4(1110 1111 1185 1184)
4(1258 1259 331 332)
4(1185 362 331 1259)
4(1184 1185 1259 1258)
4(1332 1333 300 301)
4(1259 331 300 1333)
4(1258 1259 1333 1332)
4(1406 1407 269 270)
4(1333 300 269 1407)
4(1332 1333 1407 1406)
4(1480 1481 238 239)
4(1407 269 238 1481)
4(1406 1407 1481 1480)
4(1554 1555 207 208)
4(1481 238 207 1555)
4(1480 1481 1555 1554)
4(1628 1629 176 177)
4(1555 207 176 1629)
4(1554 1555 1629 1628)
4(1629 176 113 593)
4(1628 1629 593 592)
4(667 668 578 579)
4(40 8 578 668)
4(39 40 668 667)
4(741 742 547 548)
4(668 578 547 742)
4(667 668 742 741)
4(815 816 516 517)
4(742 547 516 816)
4(741 742 816 815)
4(889 890 485 486)
4(816 516 485 890)
4(815 816 890 889)
4(963 964 454 455)
4(890 485 454 964)
4(889 890 964 963)
4(1037 1038 423 424)
4(964 454 423 1038)
4(963 964 1038 1037)
4(1111 1112 392 393)
4(1038 423 392 1112)
4(1037 1038 1112 1111)
4(1185 1186 361 362)
4(1112 392 361 1186)
4(1111 1112 1186 1185)
4(1259 1260 330 331)
4(1186 361 330 1260)
4(1185 1186 1260 1259)
4(1333 1334 299 300)
4(1260 330 299 1334)
4(1259 1260 1334 1333)
4(1407 1408 268 269)
4(1334 299 268 1408)
4(1333 1334 1408 1407)
4(1481 1482 237 238)
4(1408 268 237 1482)
4(1407 1408 1482 1481)
4(1555 1556 206 207)
4(1482 237 206 1556)
4(1481 1482 1556 1555)
4(1629 1630 175 176)
4(1556 206 175 1630)
4(1555 1556 1630 1629)
4(1630 175 114 594)
4(1629 1630 594 593)
4(668 669 577 578)
4(41 9 577 669)
4(40 41 669 668)
4(742 743 546 547)
4(669 577 546 743)
4(668 669 743 742)
4(816 817 515 516)
4(743 546 515 817)
4(742 743 817 816)
4(890 891 484 485)
4(817 515 484 891)
4(816 817 891 890)
4(964 965 453 454)
4(891 484 453 965)
4(890 891 965 964)
4(1038 1039 422 423)
4(965 453 422 1039)
4(964 965 1039 1038)
4(1112 1113 391 392)
4(1039 422 391 1113)
4(1038 1039 1113 1112)
4(1186 1187 360 361)
4(1113 391 360 1187)
4(1112 1113 1187 1186)
4(1260 1261 329 330)
4(1187 360 329 1261)
4(1186 1187 1261 1260)
4(1334 1335 298 299)
4(1261 329 298 1335)
4(1260 1261 1335 1334)
4(1408 1409 267 268)
4(1335 298 267 1409)
4(1334 1335 1409 1408)
4(1482 1483 236 237)
4(1409 267 236 1483)
4(1408 1409 1483 1482)
4(1556 1557 205 206)
4(1483 236 205 1557)
4(1482 1483 1557 1556)
4(1630 1631 174 175)
4(1557 205 174 1631)
4(1556 1557 1631 1630)
4(1631 174 115 595)
4(1630 1631 595 594)
4(669 670 576 577)
4(42 10 576 670)
4(41 42 670 669)
4(743 744 545 546)
4(670 576 545 744)
4(669 670 744 743)
4(817 818 514 515)
4(744 545 514 818)
4(743 744 818 817)
4(891 892 483 484)
4(818 514 483 892)
4(817 818 892 891)
4(965 966 452 453)
4(892 483 452 966)
4(891 892 966 965)
4(1039 1040 421 422)
4(966 452 421 1040)
4(965 966 1040 1039)
4(1113 1114 390 391)
4(1040 421 390 1114)
4(1039 1040 1114 1113)
4(1187 1188 359 360)
4(1114 390 359 1188)
4(1113 1114 1188 1187)
4(1261 1262 328 329)
4(1188 359 328 1262)
4(1187 1188 1262 1261)
4(1335 1336 297 298)
4(1262 328 297 1336)
4(1261 1262 1336 1335)
4(1409 1410 266 267)
4(1336 297 266 1410)
4(1335 1336 1410 1409)
4(1483 1484 235 236)
4(1410 266 235 1484)
4(1409 1410 1484 1483)
4(1557 1558 204 205)
4(1484 235 204 1558)
4(1483 1484 1558 1557)
4(1631 1632 173 174)
4(1558 204 173 1632)
4(1557 1558 1632 1631)
4(1632 173 116 596)
4(1631 1632 596 595)
4(670 671 575 576)
4(43 11 575 671)
4(42 43 671 670)
4(744 745 544 545)
4(671 575 544 745)
4(670 671 745 744)
4(818 819 513 514)
4(745 544 513 819)
4(744 745 819 818)
4(892 893 482 483)
4(819 513 482 893)
4(818 819 893 892)
4(966 967 451 452)
4(893 482 451 967)
4(892 893 967 966)
4(1040 1041 420 421)
4(967 451 420 1041)
4(966 967 1041 1040)
4(1114 1115 389 390)
4(1041 420 389 1115)
4(1040 1041 1115 1114)
4(1188 1189 358 359)
4(1115 389 358 1189)
4(1114 1115 1189 1188)
4(1262 1263 327 328)
4(1189 358 327 1263)
4(1188 1189 1263 1262)
4(1336 1337 296 297)
4(1263 327 296 1337)
4(1262 1263 1337 1336)
4(1410 1411 265 266)
4(1337 296 265 1411)
4(1336 1337 1411 1410)
4(1484 1485 234 235)
4(1411 265 234 1485)
4(1410 1411 1485 1484)
4(1558 1559 203 204)
4(1485 234 203 1559)
4(1484 1485 1559 1558)
4(1632 1633 172 173)
4(1559 203 172 1633)
4(1558 1559 1633 1632)
4(1633 172 117 597)
4(1632 1633 597 596)
4(671 672 574 575)
4(44 12 574 672)
4(43 44 672 671)
4(745 746 543 544)
4(672 574 543 746)
4(671 672 746 745)
4(819 820 512 513)
4(746 543 512 820)
4(745 746 820 819)
4(893 894 481 482)
4(820 512 481 894)
4(819 820 894 893)
4(967 968 450 451)
4(894 481 450 968)
4(893 894 968 967)
4(1041 1042 419 420)
4(968 450 419 1042)
4(967 968 1042 1041)
4(1115 1116 388 389)
4(1042 419 388 1116)
4(1041 1042 1116 1115)
4(1189 1190 357 358)
4(1116 388 357 1190)
4(1115 1116 1190 1189)
4(1263 1264 326 327)
4(1190 357 326 1264)
4(1189 1190 1264 1263)
4(1337 1338 295 296)
4(1264 326 295 1338)
4(1263 1264 1338 1337)
4(1411 1412 264 265)
4(1338 295 264 1412)
4(1337 1338 1412 1411)
4(1485 1486 233 234)
4(1412 264 233 1486)
4(1411 1412 1486 1485)
4(1559 1560 202 203)
4(1486 233 202 1560)
4(1485 1486 1560 1559)
4(1633 1634 171 172)
4(1560 202 171 1634)
4(1559 1560 1634 1633)
4(1634 171 118 598)
4(1633 1634 598 597)
4(672 673 573 574)
4(45 13 573 673)
4(44 45 673 672)
4(746 747 542 543)
4(673 573 542 747)
4(672 673 747 746)
4(820 821 511 512)
4(747 542 511 821)
4(746 747 821 820)
4(894 895 480 481)
4(821 511 480 895)
4(820 821 895 894)
4(968 969 449 450)
4(895 480 449 969)
4(894 895 969 968)
4(1042 1043 418 419)
4(969 449 418 1043)
4(968 969 1043 1042)
4(1116 1117 387 388)
4(1043 418 387 1117)
4(1042 1043 1117 1116)
4(1190 1191 356 357)
4(1117 387 356 1191)
4(1116 1117 1191 1190)
4(1264 1265 325 326)
4(1191 356 325 1265)
4(1190 1191 1265 1264)
4(1338 1339 294 295)
4(1265 325 294 1339)
4(1264 1265 1339 1338)
4(1412 1413 263 264)
4(1339 294 263 1413)
4(1338 1339 1413 1412)
4(1486 1487 232 233)
4(1413 263 232 1487)
4(1412 1413 1487 1486)
4(1560 1561 201 202)
4(1487 232 201 1561)
4(1486 1487 1561 1560)
4(1634 1635 170 171)
4(1561 201 170 1635)
4(1560 1561 1635 1634)
4(1635 170 119 599)
4(1634 1635 599 598)
4(673 674 572 573)
4(46 14 572 674)
4(45 46 674 673)
4(747 748 541 542)
4(674 572 541 748)
4(673 674 748 747)
4(821 822 510 511)
4(748 541 510 822)
4(747 748 822 821)
4(895 896 479 480)
4(822 510 479 896)
4(821 822 896 895)
4(969 970 448 449)
4(896 479 448 970)
4(895 896 970 969)
4(1043 1044 417 418)
4(970 448 417 1044)
4(969 970 1044 1043)
4(1117 1118 386 387)
4(1044 417 386 1118)
4(1043 1044 1118 1117)
4(1191 1192 355 356)
4(1118 386 355 1192)
4(1117 1118 1192 1191)
4(1265 1266 324 325)
4(1192 355 324 1266)
4(1191 1192 1266 1265)
4(1339 1340 293 294)
4(1266 324 293 1340)
4(1265 1266 1340 1339)
4(1413 1414 262 263)
4(1340 293 262 1414)
4(1339 1340 1414 1413)
4(1487 1488 231 232)
4(1414 262 231 1488)
4(1413 1414 1488 1487)
4(1561 1562 200 201)
4(1488 231 200 1562)
4(1487 1488 1562 1561)
4(1635 1636 169 170)
4(1562 200 169 1636)
4(1561 1562 1636 1635)
4(1636 169 120 600)
4(1635 1636 600 599)
4(674 675 571 572)
4(47 15 571 675)
4(46 47 675 674)
4(748 749 540 541)
4(675 571 540 749)
4(674 675 749 748)
4(822 823 509 510)
4(749 540 509 823)
4(748 749 823 822)
4(896 897 478 479)
4(823 509 478 897)
4(822 823 897 896)
4(970 971 447 448)
4(897 478 447 971)
4(896 897 971 970)
4(1044 1045 416 417)
4(971 447 416 1045)
4(970 971 1045 1044)
4(1118 1119 385 386)
4(1045 416 385 1119)
4(1044 1045 1119 1118)
4(1192 1193 354 355)
4(1119 385 354 1193)
4(1118 1119 1193 1192)
4(1266 1267 323 324)
4(1193 354 323 1267)
4(1192 1193 1267 1266)
4(1340 1341 292 293)
4(1267 323 292 1341)
4(1266 1267 1341 1340)
4(1414 1415 261 262)
4(1341 292 261 1415)
4(1340 1341 1415 1414)
4(1488 1489 230 231)
4(1415 261 230 1489)
4(1414 1415 1489 1488)
4(1562 1563 199 200)
4(1489 230 199 1563)
4(1488 1489 1563 1562)
4(1636 1637 168 169)
4(1563 199 168 1637)
4(1562 1563 1637 1636)
4(1637 168 121 601)
4(1636 1637 601 600)
4(675 676 570 571)
4(48 16 570 676)
4(47 48 676 675)
4(749 750 539 540)
4(676 570 539 750)
4(675 676 750 749)
4(823 824 508 509)
4(750 539 508 824)
4(749 750 824 823)
4(897 898 477 478)
4(824 508 477 898)
4(823 824 898 897)
4(971 972 446 447)
4(898 477 446 972)
4(897 898 972 971)
4(1045 1046 415 416)
4(972 446 415 1046)
4(971 972 1046 1045)
4(1119 1120 384 385)
4(1046 415 384 1120)
4(1045 1046 1120 1119)
4(1193 1194 353 354)
4(1120 384 353 1194)
4(1119 1120 1194 1193)
4(1267 1268 322 323)
4(1194 353 322 1268)
4(1193 1194 1268 1267)
4(1341 1342 291 292)
4(1268 322 291 1342)
4(1267 1268 1342 1341)
4(1415 1416 260 261)
4(1342 291 260 1416)
4(1341 1342 1416 1415)
4(1489 1490 229 230)
4(1416 260 229 1490)
4(1415 1416 1490 1489)
4(1563 1564 198 199)
4(1490 229 198 1564)
4(1489 1490 1564 1563)
4(1637 1638 167 168)
4(1564 198 167 1638)
4(1563 1564 1638 1637)
4(1638 167 122 602)
4(1637 1638 602 601)
4(676 677 569 570)
4(49 17 569 677)
4(48 49 677 676)
4(750 751 538 539)
4(677 569 538 751)
4(676 677 751 750)
4(824 825 507 508)
4(751 538 507 825)
4(750 751 825 824)
4(898 899 476 477)
4(825 507 476 899)
4(824 825 899 898)
4(972 973 445 446)
4(899 476 445 973)
4(898 899 973 972)
4(1046 1047 414 415)
4(973 445 414 1047)
4(972 973 1047 1046)
4(1120 1121 383 384)
4(1047 414 383 1121)
4(1046 1047 1121 1120)
4(1194 1195 352 353)
4(1121 383 352 1195)
4(1120 1121 1195 1194)
4(1268 1269 321 322)
4(1195 352 321 1269)
4(1194 1195 1269 1268)
4(1342 1343 290 291)
4(1269 321 290 1343)
4(1268 1269 1343 1342)
4(1416 1417 259 260)
4(1343 290 259 1417)
4(1342 1343 1417 1416)
4(1490 1491 228 229)
4(1417 259 228 1491)
4(1416 1417 1491 1490)
4(1564 1565 197 198)
4(1491 228 197 1565)
4(1490 1491 1565 1564)
4(1638 1639 166 167)
4(1565 197 166 1639)
4(1564 1565 1639 1638)
4(1639 166 123 603)
4(1638 1639 603 602)
4(677 678 568 569)
4(50 18 568 678)
4(49 50 678 677)
4(751 752 537 538)
4(678 568 537 752)
4(677 678 752 751)
4(825 826 506 507)
4(752 537 506 826)
4(751 752 826 825)
4(899 900 475 476)
4(826 506 475 900)
4(825 826 900 899)
4(973 974 444 445)
4(900 475 444 974)
4(899 900 974 973)
4(1047 1048 413 414)
4(974 444 413 1048)
4(973 974 1048 1047)
4(1121 1122 382 383)
4(1048 413 382 1122)
4(1047 1048 1122 1121)
4(1195 1196 351 352)
4(1122 382 351 1196)
4(1121 1122 1196 1195)
4(1269 1270 320 321)
4(1196 351 320 1270)
4(1195 1196 1270 1269)
4(1343 1344 289 290)
4(1270 320 289 1344)
4(1269 1270 1344 1343)
4(1417 1418 258 259)
4(1344 289 258 1418)
4(1343 1344 1418 1417)
4(1491 1492 227 228)
4(1418 258 227 1492)
4(1417 1418 1492 1491)
4(1565 1566 196 197)
4(1492 227 196 1566)
4(1491 1492 1566 1565)
4(1639 1640 165 166)
4(1566 196 165 1640)
4(1565 1566 1640 1639)
4(1640 165 124 604)
4(1639 1640 604 603)
4(678 679 567 568)
4(51 19 567 679)
4(50 51 679 678)
4(752 753 536 537)
4(679 567 536 753)
4(678 679 753 752)
4(826 827 505 506)
4(753 536 505 827)
4(752 753 827 826)
4(900 901 474 475)
4(827 505 474 901)
4(826 827 901 900)
4(974 975 443 444)
4(901 474 443 975)
4(900 901 975 974)
4(1048 1049 412 413)
4(975 443 412 1049)
4(974 975 1049 1048)
4(1122 1123 381 382)
4(1049 412 381 1123)
4(1048 1049 1123 1122)
4(1196 1197 350 351)
4(1123 381 350 1197)
4(1122 1123 1197 1196)
4(1270 1271 319 320)
4(1197 350 319 1271)
4(1196 1197 1271 1270)
4(1344 1345 288 289)
4(1271 319 288 1345)
4(1270 1271 1345 1344)
4(1418 1419 257 258)
4(1345 288 257 1419)
4(1344 1345 1419 1418)
4(1492 1493 226 227)
4(1419 257 226 1493)
4(1418 1419 1493 1492)
4(1566 1567 195 196)
4(1493 226 195 1567)
4(1492 1493 1567 1566)
4(1640 1641 164 165)
4(1567 195 164 1641)
4(1566 1567 1641 1640)
4(1641 164 125 605)
4(1640 1641 605 604)
4(679 680 566 567)
4(52 20 566 680)
4(51 52 680 679)
4(753 754 535 536)
4(680 566 535 754)
4(679 680 754 753)
4(827 828 504 505)
4(754 535 504 828)
4(753 754 828 827)
4(901 902 473 474)
4(828 504 473 902)
4(827 828 902 901)
4(975 976 442 443)
4(902 473 442 976)
4(901 902 976 975)
4(1049 1050 411 412)
4(976 442 411 1050)
4(975 976 1050 1049)
4(1123 1124 380 381)
4(1050 411 380 1124)
4(1049 1050 1124 1123)
4(1197 1198 349 350)
4(1124 380 349 1198)
4(1123 1124 1198 1197)
4(1271 1272 318 319)
4(1198 349 318 1272)
4(1197 1198 1272 1271)
4(1345 1346 287 288)
4(1272 318 287 1346)
4(1271 1272 1346 1345)
4(1419 1420 256 257)
4(1346 287 256 1420)
4(1345 1346 1420 1419)
4(1493 1494 225 226)
4(1420 256 225 1494)
4(1419 1420 1494 1493)
4(1567 1568 194 195)
4(1494 225 194 1568)
4(1493 1494 1568 1567)
4(1641 1642 163 164)
4(1568 194 163 1642)
4(1567 1568 1642 1641)
4(1642 163 126 606)
4(1641 1642 606 605)
4(680 681 565 566)
4(53 21 565 681)
4(52 53 681 680)
4(754 755 534 535)
4(681 565 534 755)
4(680 681 755 754)
4(828 829 503 504)
4(755 534 503 829)
4(754 755 829 828)
4(902 903 472 473)
4(829 503 472 903)
4(828 829 903 902)
4(976 977 441 442)
4(903 472 441 977)
4(902 903 977 976)
4(1050 1051 410 411)
4(977 441 410 1051)
4(976 977 1051 1050)
4(1124 1125 379 380)
4(1051 410 379 1125)
4(1050 1051 1125 1124)
4(1198 1199 348 349)
4(1125 379 348 1199)
4(1124 1125 1199 1198)
4(1272 1273 317 318)
4(1199 348 317 1273)
4(1198 1199 1273 1272)
4(1346 1347 286 287)
4(1273 317 286 1347)
4(1272 1273 1347 1346)
4(1420 1421 255 256)
4(1347 286 255 1421)
4(1346 1347 1421 1420)
4(1494 1495 224 225)
4(1421 255 224 1495)
4(1420 1421 1495 1494)
4(1568 1569 193 194)
4(1495 224 193 1569)
4(1494 1495 1569 1568)
4(1642 1643 162 163)
4(1569 193 162 1643)
4(1568 1569 1643 1642)
4(1643 162 127 607)
4(1642 1643 607 606)
4(681 682 564 565)
4(54 22 564 682)
4(53 54 682 681)
4(755 756 533 534)
4(682 564 533 756)
4(681 682 756 755)
4(829 830 502 503)
4(756 533 502 830)
4(755 756 830 829)
4(903 904 471 472)
4(830 502 471 904)
4(829 830 904 903)
4(977 978 440 441)
4(904 471 440 978)
4(903 904 978 977)
4(1051 1052 409 410)
4(978 440 409 1052)
4(977 978 1052 1051)
4(1125 1126 378 379)
4(1052 409 378 1126)
4(1051 1052 1126 1125)
4(1199 1200 347 348)
4(1126 378 347 1200)
4(1125 1126 1200 1199)
4(1273 1274 316 317)
4(1200 347 316 1274)
4(1199 1200 1274 1273)
4(1347 1348 285 286)
4(1274 316 285 1348)
4(1273 1274 1348 1347)
4(1421 1422 254 255)
4(1348 285 254 1422)
4(1347 1348 1422 1421)
4(1495 1496 223 224)
4(1422 254 223 1496)
4(1421 1422 1496 1495)
4(1569 1570 192 193)
4(1496 223 192 1570)
4(1495 1496 1570 1569)
4(1643 1644 161 162)
4(1570 192 161 1644)
4(1569 1570 1644 1643)
4(1644 161 128 608)
4(1643 1644 608 607)
4(682 683 563 564)
4(55 23 563 683)
4(54 55 683 682)
4(756 757 532 533)
4(683 563 532 757)
4(682 683 757 756)
4(830 831 501 502)
4(757 532 501 831)
4(756 757 831 830)
4(904 905 470 471)
4(831 501 470 905)
4(830 831 905 904)
4(978 979 439 440)
4(905 470 439 979)
4(904 905 979 978)
4(1052 1053 408 409)
4(979 439 408 1053)
4(978 979 1053 1052)
4(1126 1127 377 378)
4(1053 408 377 1127)
4(1052 1053 1127 1126)
4(1200 1201 346 347)
4(1127 377 346 1201)
4(1126 1127 1201 1200)
4(1274 1275 315 316)
4(1201 346 315 1275)
4(1200 1201 1275 1274)
4(1348 1349 284 285)
4(1275 315 284 1349)
4(1274 1275 1349 1348)
4(1422 1423 253 254)
4(1349 284 253 1423)
4(1348 1349 1423 1422)
4(1496 1497 222 223)
4(1423 253 222 1497)
4(1422 1423 1497 1496)
4(1570 1571 191 192)
4(1497 222 191 1571)
4(1496 1497 1571 1570)
4(1644 1645 160 161)
4(1571 191 160 1645)
4(1570 1571 1645 1644)
4(1645 160 129 609)
4(1644 1645 609 608)
4(683 684 562 563)
4(56 24 562 684)
4(55 56 684 683)
4(757 758 531 532)
4(684 562 531 758)
4(683 684 758 757)
4(831 832 500 501)
4(758 531 500 832)
4(757 758 832 831)
4(905 906 469 470)
4(832 500 469 906)
4(831 832 906 905)
4(979 980 438 439)
4(906 469 438 980)
4(905 906 980 979)
4(1053 1054 407 408)
4(980 438 407 1054)
4(979 980 1054 1053)
4(1127 1128 376 377)
4(1054 407 376 1128)
4(1053 1054 1128 1127)
4(1201 1202 345 346)
4(1128 376 345 1202)
4(1127 1128 1202 1201)
4(1275 1276 314 315)
4(1202 345 314 1276)
4(1201 1202 1276 1275)
4(1349 1350 283 284)
4(1276 314 283 1350)
4(1275 1276 1350 1349)
4(1423 1424 252 253)
4(1350 283 252 1424)
4(1349 1350 1424 1423)
4(1497 1498 221 222)
4(1424 252 221 1498)
4(1423 1424 1498 1497)
4(1571 1572 190 191)
4(1498 221 190 1572)
4(1497 1498 1572 1571)
4(1645 1646 159 160)
4(1572 190 159 1646)
4(1571 1572 1646 1645)
4(1646 159 130 610)
4(1645 1646 610 609)
4(684 685 561 562)
4(57 25 561 685)
4(56 57 685 684)
4(758 759 530 531)
4(685 561 530 759)
4(684 685 759 758)
4(832 833 499 500)
4(759 530 499 833)
4(758 759 833 832)
4(906 907 468 469)
4(833 499 468 907)
4(832 833 907 906)
4(980 981 437 438)
4(907 468 437 981)
4(906 907 981 980)
4(1054 1055 406 407)
4(981 437 406 1055)
4(980 981 1055 1054)
4(1128 1129 375 376)
4(1055 406 375 1129)
4(1054 1055 1129 1128)
4(1202 1203 344 345)
4(1129 375 344 1203)
4(1128 1129 1203 1202)
4(1276 1277 313 314)
4(1203 344 313 1277)
4(1202 1203 1277 1276)
4(1350 1351 282 283)
4(1277 313 282 1351)
4(1276 1277 1351 1350)
4(1424 1425 251 252)
4(1351 282 251 1425)
4(1350 1351 1425 1424)
4(1498 1499 220 221)
4(1425 251 220 1499)
4(1424 1425 1499 1498)
4(1572 1573 189 190)
4(1499 220 189 1573)
4(1498 1499 1573 1572)
4(1646 1647 158 159)
4(1573 189 158 1647)
4(1572 1573 1647 1646)
4(1647 158 131 611)
4(1646 1647 611 610)
4(685 686 560 561)
4(58 26 560 686)
4(57 58 686 685)
4(759 760 529 530)
4(686 560 529 760)
4(685 686 760 759)
4(833 834 498 499)
4(760 529 498 834)
4(759 760 834 833)
4(907 908 467 468)
4(834 498 467 908)
4(833 834 908 907)
4(981 982 436 437)
4(908 467 436 982)
4(907 908 982 981)
4(1055 1056 405 406)
4(982 436 405 1056)
4(981 982 1056 1055)
4(1129 1130 374 375)
4(1056 405 374 1130)
4(1055 1056 1130 1129)
4(1203 1204 343 344)
4(1130 374 343 1204)
4(1129 1130 1204 1203)
4(1277 1278 312 313)
4(1204 343 312 1278)
4(1203 1204 1278 1277)
4(1351 1352 281 282)
4(1278 312 281 1352)
4(1277 1278 1352 1351)
4(1425 1426 250 251)
4(1352 281 250 1426)
4(1351 1352 1426 1425)
4(1499 1500 219 220)
4(1426 250 219 1500)
4(1425 1426 1500 1499)
4(1573 1574 188 189)
4(1500 219 188 1574)
4(1499 1500 1574 1573)
4(1647 1648 157 158)
4(1574 188 157 1648)
4(1573 1574 1648 1647)
4(1648 157 132 612)
4(1647 1648 612 611)
4(686 687 559 560)
4(59 27 559 687)
4(58 59 687 686)
4(760 761 528 529)
4(687 559 528 761)
4(686 687 761 760)
4(834 835 497 498)
4(761 528 497 835)
4(760 761 835 834)
4(908 909 466 467)
4(835 497 466 909)
4(834 835 909 908)
4(982 983 435 436)
4(909 466 435 983)
4(908 909 983 982)
4(1056 1057 404 405)
4(983 435 404 1057)
4(982 983 1057 1056)
4(1130 1131 373 374)
4(1057 404 373 1131)
4(1056 1057 1131 1130)
4(1204 1205 342 343)
4(1131 373 342 1205)
4(1130 1131 1205 1204)
4(1278 1279 311 312)
4(1205 342 311 1279)
4(1204 1205 1279 1278)
4(1352 1353 280 281)
4(1279 311 280 1353)
4(1278 1279 1353 1352)
4(1426 1427 249 250)
4(1353 280 249 1427)
4(1352 1353 1427 1426)
4(1500 1501 218 219)
4(1427 249 218 1501)
4(1426 1427 1501 1500)
4(1574 1575 187 188)
4(1501 218 187 1575)
4(1500 1501 1575 1574)
4(1648 1649 156 157)
4(1575 187 156 1649)
4(1574 1575 1649 1648)
4(1649 156 133 613)
4(1648 1649 613 612)
4(687 688 558 559)
4(60 28 558 688)
4(59 60 688 687)
4(761 762 527 528)
4(688 558 527 762)
4(687 688 762 761)
4(835 836 496 497)
4(762 527 496 836)
4(761 762 836 835)
4(909 910 465 466)
4(836 496 465 910)
4(835 836 910 909)
4(983 984 434 435)
4(910 465 434 984)
4(909 910 984 983)
4(1057 1058 403 404)
4(984 434 403 1058)
4(983 984 1058 1057)
4(1131 1132 372 373)
4(1058 403 372 1132)
4(1057 1058 1132 1131)
4(1205 1206 341 342)
4(1132 372 341 1206)
4(1131 1132 1206 1205)
4(1279 1280 310 311)
4(1206 341 310 1280)
4(1205 1206 1280 1279)
4(1353 1354 279 280)
4(1280 310 279 1354)
4(1279 1280 1354 1353)
4(1427 1428 248 249)
4(1354 279 248 1428)
4(1353 1354 1428 1427)
4(1501 1502 217 218)
4(1428 248 217 1502)
4(1427 1428 1502 1501)
4(1575 1576 186 187)
4(1502 217 186 1576)
4(1501 1502 1576 1575)
4(1649 1650 155 156)
4(1576 186 155 1650)
4(1575 1576 1650 1649)
4(1650 155 134 614)
4(1649 1650 614 613)
4(688 689 557 558)
4(61 29 557 689)
4(60 61 689 688)
4(762 763 526 527)
4(689 557 526 763)
4(688 689 763 762)
4(836 837 495 496)
4(763 526 495 837)
4(762 763 837 836)
4(910 911 464 465)
4(837 495 464 911)
4(836 837 911 910)
4(984 985 433 434)
4(911 464 433 985)
4(910 911 985 984)
4(1058 1059 402 403)
4(985 433 402 1059)
4(984 985 1059 1058)
4(1132 1133 371 372)
4(1059 402 371 1133)
4(1058 1059 1133 1132)
4(1206 1207 340 341)
4(1133 371 340 1207)
4(1132 1133 1207 1206)
4(1280 1281 309 310)
4(1207 340 309 1281)
4(1206 1207 1281 1280)
4(1354 1355 278 279)
4(1281 309 278 1355)
4(1280 1281 1355 1354)
4(1428 1429 247 248)
4(1355 278 247 1429)
4(1354 1355 1429 1428)
4(1502 1503 216 217)
4(1429 247 216 1503)
4(1428 1429 1503 1502)
4(1576 1577 185 186)
4(1503 216 185 1577)
4(1502 1503 1577 1576)
4(1650 1651 154 155)
4(1577 185 154 1651)
4(1576 1577 1651 1650)
4(1651 154 135 615)
4(1650 1651 615 614)
4(689 690 556 557)
4(62 30 556 690)
4(61 62 690 689)
4(763 764 525 526)
4(690 556 525 764)
4(689 690 764 763)
4(837 838 494 495)
4(764 525 494 838)
4(763 764 838 837)
4(911 912 463 464)
4(838 494 463 912)
4(837 838 912 911)
4(985 986 432 433)
4(912 463 432 986)
4(911 912 986 985)
4(1059 1060 401 402)
4(986 432 401 1060)
4(985 986 1060 1059)
4(1133 1134 370 371)
4(1060 401 370 1134)
4(1059 1060 1134 1133)
4(1207 1208 339 340)
4(1134 370 339 1208)
4(1133 1134 1208 1207)
4(1281 1282 308 309)
4(1208 339 308 1282)
4(1207 1208 1282 1281)
4(1355 1356 277 278)
4(1282 308 277 1356)
4(1281 1282 1356 1355)
4(1429 1430 246 247)
4(1356 277 246 1430)
4(1355 1356 1430 1429)
4(1503 1504 215 216)
4(1430 246 215 1504)
4(1429 1430 1504 1503)
4(1577 1578 184 185)
4(1504 215 184 1578)
4(1503 1504 1578 1577)
4(1651 1652 153 154)
4(1578 184 153 1652)
4(1577 1578 1652 1651)
4(1652 153 136 616)
4(1651 1652 616 615)
4(690 691 555 556)
4(63 31 555 691)
4(62 63 691 690)
4(764 765 524 525)
4(691 555 524 765)
4(690 691 765 764)
4(838 839 493 494)
4(765 524 493 839)
4(764 765 839 838)
4(912 913 462 463)
4(839 493 462 913)
4(838 839 913 912)
4(986 987 431 432)
4(913 462 431 987)
4(912 913 987 986)
4(1060 1061 400 401)
4(987 431 400 1061)
4(986 987 1061 1060)
4(1134 1135 369 370)
4(1061 400 369 1135)
4(1060 1061 1135 1134)
4(1208 1209 338 339)
4(1135 369 338 1209)
4(1134 1135 1209 1208)
4(1282 1283 307 308)
4(1209 338 307 1283)
4(1208 1209 1283 1282)
4(1356 1357 276 277)
4(1283 307 276 1357)
4(1282 1283 1357 1356)
4(1430 1431 245 246)
4(1357 276 245 1431)
4(1356 1357 1431 1430)
4(1504 1505 214 215)
4(1431 245 214 1505)
4(1430 1431 1505 1504)
4(1578 1579 183 184)
4(1505 214 183 1579)
4(1504 1505 1579 1578)
4(1652 1653 152 153)
4(1579 183 152 1653)
4(1578 1579 1653 1652)
4(1653 152 137 617)
4(1652 1653 617 616)
4(691 660 138 555)
4(63 32 660 691)
4(765 734 139 524)
4(691 660 734 765)
4(839 808 140 493)
4(765 734 808 839)
4(913 882 141 462)
4(839 808 882 913)
4(987 956 142 431)
4(913 882 956 987)
4(1061 1030 143 400)
4(987 956 1030 1061)
4(1135 1104 144 369)
4(1061 1030 1104 1135)
4(1209 1178 145 338)
4(1135 1104 1178 1209)
4(1283 1252 146 307)
4(1209 1178 1252 1283)
4(1357 1326 147 276)
4(1283 1252 1326 1357)
4(1431 1400 148 245)
4(1357 1326 1400 1431)
4(1505 1474 149 214)
4(1431 1400 1474 1505)
4(1579 1548 150 183)
4(1505 1474 1548 1579)
4(1653 1622 151 152)
4(1579 1548 1622 1653)
4(1653 1622 586 617)
4(662 692 693 663)
4(35 663 693 65)
4(34 64 692 662)
4(64 65 693 692)
4(736 766 767 737)
4(663 737 767 693)
4(662 692 766 736)
4(692 693 767 766)
4(810 840 841 811)
4(737 811 841 767)
4(736 766 840 810)
4(766 767 841 840)
4(884 914 915 885)
4(811 885 915 841)
4(810 840 914 884)
4(840 841 915 914)
4(958 988 989 959)
4(885 959 989 915)
4(884 914 988 958)
4(914 915 989 988)
4(1032 1062 1063 1033)
4(959 1033 1063 989)
4(958 988 1062 1032)
4(988 989 1063 1062)
4(1106 1136 1137 1107)
4(1033 1107 1137 1063)
4(1032 1062 1136 1106)
4(1062 1063 1137 1136)
4(1180 1210 1211 1181)
4(1107 1181 1211 1137)
4(1106 1136 1210 1180)
4(1136 1137 1211 1210)
4(1254 1284 1285 1255)
4(1181 1255 1285 1211)
4(1180 1210 1284 1254)
4(1210 1211 1285 1284)
4(1328 1358 1359 1329)
4(1255 1329 1359 1285)
4(1254 1284 1358 1328)
4(1284 1285 1359 1358)
4(1402 1432 1433 1403)
4(1329 1403 1433 1359)
4(1328 1358 1432 1402)
4(1358 1359 1433 1432)
4(1476 1506 1507 1477)
4(1403 1477 1507 1433)
4(1402 1432 1506 1476)
4(1432 1433 1507 1506)
4(1550 1580 1581 1551)
4(1477 1551 1581 1507)
4(1476 1506 1580 1550)
4(1506 1507 1581 1580)
4(1624 1654 1655 1625)
4(1551 1625 1655 1581)
4(1550 1580 1654 1624)
4(1580 1581 1655 1654)
4(1625 589 619 1655)
4(1624 1654 618 588)
4(1654 1655 619 618)
4(693 732 664 663)
4(65 104 732 693)
4(104 36 664 732)
4(767 806 738 737)
4(693 732 806 767)
4(732 664 738 806)
4(841 880 812 811)
4(767 806 880 841)
4(806 738 812 880)
4(915 954 886 885)
4(841 880 954 915)
4(880 812 886 954)
4(989 1028 960 959)
4(915 954 1028 989)
4(954 886 960 1028)
4(1063 1102 1034 1033)
4(989 1028 1102 1063)
4(1028 960 1034 1102)
4(1137 1176 1108 1107)
4(1063 1102 1176 1137)
4(1102 1034 1108 1176)
4(1211 1250 1182 1181)
4(1137 1176 1250 1211)
4(1176 1108 1182 1250)
4(1285 1324 1256 1255)
4(1211 1250 1324 1285)
4(1250 1182 1256 1324)
4(1359 1398 1330 1329)
4(1285 1324 1398 1359)
4(1324 1256 1330 1398)
4(1433 1472 1404 1403)
4(1359 1398 1472 1433)
4(1398 1330 1404 1472)
4(1507 1546 1478 1477)
4(1433 1472 1546 1507)
4(1472 1404 1478 1546)
4(1581 1620 1552 1551)
4(1507 1546 1620 1581)
4(1546 1478 1552 1620)
4(1655 1694 1626 1625)
4(1581 1620 1694 1655)
4(1620 1552 1626 1694)
4(1655 1694 658 619)
4(1694 1626 590 658)
4(666 733 695 667)
4(39 667 695 67)
4(105 67 695 733)
4(38 105 733 666)
4(740 807 769 741)
4(667 741 769 695)
4(733 695 769 807)
4(666 733 807 740)
4(814 881 843 815)
4(741 815 843 769)
4(807 769 843 881)
4(740 807 881 814)
4(888 955 917 889)
4(815 889 917 843)
4(881 843 917 955)
4(814 881 955 888)
4(962 1029 991 963)
4(889 963 991 917)
4(955 917 991 1029)
4(888 955 1029 962)
4(1036 1103 1065 1037)
4(963 1037 1065 991)
4(1029 991 1065 1103)
4(962 1029 1103 1036)
4(1110 1177 1139 1111)
4(1037 1111 1139 1065)
4(1103 1065 1139 1177)
4(1036 1103 1177 1110)
4(1184 1251 1213 1185)
4(1111 1185 1213 1139)
4(1177 1139 1213 1251)
4(1110 1177 1251 1184)
4(1258 1325 1287 1259)
4(1185 1259 1287 1213)
4(1251 1213 1287 1325)
4(1184 1251 1325 1258)
4(1332 1399 1361 1333)
4(1259 1333 1361 1287)
4(1325 1287 1361 1399)
4(1258 1325 1399 1332)
4(1406 1473 1435 1407)
4(1333 1407 1435 1361)
4(1399 1361 1435 1473)
4(1332 1399 1473 1406)
4(1480 1547 1509 1481)
4(1407 1481 1509 1435)
4(1473 1435 1509 1547)
4(1406 1473 1547 1480)
4(1554 1621 1583 1555)
4(1481 1555 1583 1509)
4(1547 1509 1583 1621)
4(1480 1547 1621 1554)
4(1628 1695 1657 1629)
4(1555 1629 1657 1583)
4(1621 1583 1657 1695)
4(1554 1621 1695 1628)
4(1629 593 621 1657)
4(1695 1657 621 659)
4(1628 1695 659 592)
4(695 696 668 667)
4(68 40 668 696)
4(67 68 696 695)
4(769 770 742 741)
4(696 668 742 770)
4(695 696 770 769)
4(843 844 816 815)
4(770 742 816 844)
4(769 770 844 843)
4(917 918 890 889)
4(844 816 890 918)
4(843 844 918 917)
4(991 992 964 963)
4(918 890 964 992)
4(917 918 992 991)
4(1065 1066 1038 1037)
4(992 964 1038 1066)
4(991 992 1066 1065)
4(1139 1140 1112 1111)
4(1066 1038 1112 1140)
4(1065 1066 1140 1139)
4(1213 1214 1186 1185)
4(1140 1112 1186 1214)
4(1139 1140 1214 1213)
4(1287 1288 1260 1259)
4(1214 1186 1260 1288)
4(1213 1214 1288 1287)
4(1361 1362 1334 1333)
4(1288 1260 1334 1362)
4(1287 1288 1362 1361)
4(1435 1436 1408 1407)
4(1362 1334 1408 1436)
4(1361 1362 1436 1435)
4(1509 1510 1482 1481)
4(1436 1408 1482 1510)
4(1435 1436 1510 1509)
4(1583 1584 1556 1555)
4(1510 1482 1556 1584)
4(1509 1510 1584 1583)
4(1657 1658 1630 1629)
4(1584 1556 1630 1658)
4(1583 1584 1658 1657)
4(1658 1630 594 622)
4(1657 1658 622 621)
4(696 697 669 668)
4(69 41 669 697)
4(68 69 697 696)
4(770 771 743 742)
4(697 669 743 771)
4(696 697 771 770)
4(844 845 817 816)
4(771 743 817 845)
4(770 771 845 844)
4(918 919 891 890)
4(845 817 891 919)
4(844 845 919 918)
4(992 993 965 964)
4(919 891 965 993)
4(918 919 993 992)
4(1066 1067 1039 1038)
4(993 965 1039 1067)
4(992 993 1067 1066)
4(1140 1141 1113 1112)
4(1067 1039 1113 1141)
4(1066 1067 1141 1140)
4(1214 1215 1187 1186)
4(1141 1113 1187 1215)
4(1140 1141 1215 1214)
4(1288 1289 1261 1260)
4(1215 1187 1261 1289)
4(1214 1215 1289 1288)
4(1362 1363 1335 1334)
4(1289 1261 1335 1363)
4(1288 1289 1363 1362)
4(1436 1437 1409 1408)
4(1363 1335 1409 1437)
4(1362 1363 1437 1436)
4(1510 1511 1483 1482)
4(1437 1409 1483 1511)
4(1436 1437 1511 1510)
4(1584 1585 1557 1556)
4(1511 1483 1557 1585)
4(1510 1511 1585 1584)
4(1658 1659 1631 1630)
4(1585 1557 1631 1659)
4(1584 1585 1659 1658)
4(1659 1631 595 623)
4(1658 1659 623 622)
4(697 698 670 669)
4(69 70 698 697)
4(70 42 670 698)
4(771 772 744 743)
4(697 698 772 771)
4(698 670 744 772)
4(845 846 818 817)
4(771 772 846 845)
4(772 744 818 846)
4(919 920 892 891)
4(845 846 920 919)
4(846 818 892 920)
4(993 994 966 965)
4(919 920 994 993)
4(920 892 966 994)
4(1067 1068 1040 1039)
4(993 994 1068 1067)
4(994 966 1040 1068)
4(1141 1142 1114 1113)
4(1067 1068 1142 1141)
4(1068 1040 1114 1142)
4(1215 1216 1188 1187)
4(1141 1142 1216 1215)
4(1142 1114 1188 1216)
4(1289 1290 1262 1261)
4(1215 1216 1290 1289)
4(1216 1188 1262 1290)
4(1363 1364 1336 1335)
4(1289 1290 1364 1363)
4(1290 1262 1336 1364)
4(1437 1438 1410 1409)
4(1363 1364 1438 1437)
4(1364 1336 1410 1438)
4(1511 1512 1484 1483)
4(1437 1438 1512 1511)
4(1438 1410 1484 1512)
4(1585 1586 1558 1557)
4(1511 1512 1586 1585)
4(1512 1484 1558 1586)
4(1659 1660 1632 1631)
4(1585 1586 1660 1659)
4(1586 1558 1632 1660)
4(1659 1660 624 623)
4(1660 1632 596 624)
4(673 699 700 674)
4(46 674 700 72)
4(71 72 700 699)
4(45 71 699 673)
4(747 773 774 748)
4(674 748 774 700)
4(699 700 774 773)
4(673 699 773 747)
4(821 847 848 822)
4(748 822 848 774)
4(773 774 848 847)
4(747 773 847 821)
4(895 921 922 896)
4(822 896 922 848)
4(847 848 922 921)
4(821 847 921 895)
4(969 995 996 970)
4(896 970 996 922)
4(921 922 996 995)
4(895 921 995 969)
4(1043 1069 1070 1044)
4(970 1044 1070 996)
4(995 996 1070 1069)
4(969 995 1069 1043)
4(1117 1143 1144 1118)
4(1044 1118 1144 1070)
4(1069 1070 1144 1143)
4(1043 1069 1143 1117)
4(1191 1217 1218 1192)
4(1118 1192 1218 1144)
4(1143 1144 1218 1217)
4(1117 1143 1217 1191)
4(1265 1291 1292 1266)
4(1192 1266 1292 1218)
4(1217 1218 1292 1291)
4(1191 1217 1291 1265)
4(1339 1365 1366 1340)
4(1266 1340 1366 1292)
4(1291 1292 1366 1365)
4(1265 1291 1365 1339)
4(1413 1439 1440 1414)
4(1340 1414 1440 1366)
4(1365 1366 1440 1439)
4(1339 1365 1439 1413)
4(1487 1513 1514 1488)
4(1414 1488 1514 1440)
4(1439 1440 1514 1513)
4(1413 1439 1513 1487)
4(1561 1587 1588 1562)
4(1488 1562 1588 1514)
4(1513 1514 1588 1587)
4(1487 1513 1587 1561)
4(1635 1661 1662 1636)
4(1562 1636 1662 1588)
4(1587 1588 1662 1661)
4(1561 1587 1661 1635)
4(1636 600 626 1662)
4(1661 1662 626 625)
4(1635 1661 625 599)
4(700 701 675 674)
4(73 47 675 701)
4(72 73 701 700)
4(774 775 749 748)
4(701 675 749 775)
4(700 701 775 774)
4(848 849 823 822)
4(775 749 823 849)
4(774 775 849 848)
4(922 923 897 896)
4(849 823 897 923)
4(848 849 923 922)
4(996 997 971 970)
4(923 897 971 997)
4(922 923 997 996)
4(1070 1071 1045 1044)
4(997 971 1045 1071)
4(996 997 1071 1070)
4(1144 1145 1119 1118)
4(1071 1045 1119 1145)
4(1070 1071 1145 1144)
4(1218 1219 1193 1192)
4(1145 1119 1193 1219)
4(1144 1145 1219 1218)
4(1292 1293 1267 1266)
4(1219 1193 1267 1293)
4(1218 1219 1293 1292)
4(1366 1367 1341 1340)
4(1293 1267 1341 1367)
4(1292 1293 1367 1366)
4(1440 1441 1415 1414)
4(1367 1341 1415 1441)
4(1366 1367 1441 1440)
4(1514 1515 1489 1488)
4(1441 1415 1489 1515)
4(1440 1441 1515 1514)
4(1588 1589 1563 1562)
4(1515 1489 1563 1589)
4(1514 1515 1589 1588)
4(1662 1663 1637 1636)
4(1589 1563 1637 1663)
4(1588 1589 1663 1662)
4(1663 1637 601 627)
4(1662 1663 627 626)
4(701 702 676 675)
4(74 48 676 702)
4(73 74 702 701)
4(775 776 750 749)
4(702 676 750 776)
4(701 702 776 775)
4(849 850 824 823)
4(776 750 824 850)
4(775 776 850 849)
4(923 924 898 897)
4(850 824 898 924)
4(849 850 924 923)
4(997 998 972 971)
4(924 898 972 998)
4(923 924 998 997)
4(1071 1072 1046 1045)
4(998 972 1046 1072)
4(997 998 1072 1071)
4(1145 1146 1120 1119)
4(1072 1046 1120 1146)
4(1071 1072 1146 1145)
4(1219 1220 1194 1193)
4(1146 1120 1194 1220)
4(1145 1146 1220 1219)
4(1293 1294 1268 1267)
4(1220 1194 1268 1294)
4(1219 1220 1294 1293)
4(1367 1368 1342 1341)
4(1294 1268 1342 1368)
4(1293 1294 1368 1367)
4(1441 1442 1416 1415)
4(1368 1342 1416 1442)
4(1367 1368 1442 1441)
4(1515 1516 1490 1489)
4(1442 1416 1490 1516)
4(1441 1442 1516 1515)
4(1589 1590 1564 1563)
4(1516 1490 1564 1590)
4(1515 1516 1590 1589)
4(1663 1664 1638 1637)
4(1590 1564 1638 1664)
4(1589 1590 1664 1663)
4(1664 1638 602 628)
4(1663 1664 628 627)
4(702 703 677 676)
4(75 49 677 703)
4(74 75 703 702)
4(776 777 751 750)
4(703 677 751 777)
4(702 703 777 776)
4(850 851 825 824)
4(777 751 825 851)
4(776 777 851 850)
4(924 925 899 898)
4(851 825 899 925)
4(850 851 925 924)
4(998 999 973 972)
4(925 899 973 999)
4(924 925 999 998)
4(1072 1073 1047 1046)
4(999 973 1047 1073)
4(998 999 1073 1072)
4(1146 1147 1121 1120)
4(1073 1047 1121 1147)
4(1072 1073 1147 1146)
4(1220 1221 1195 1194)
4(1147 1121 1195 1221)
4(1146 1147 1221 1220)
4(1294 1295 1269 1268)
4(1221 1195 1269 1295)
4(1220 1221 1295 1294)
4(1368 1369 1343 1342)
4(1295 1269 1343 1369)
4(1294 1295 1369 1368)
4(1442 1443 1417 1416)
4(1369 1343 1417 1443)
4(1368 1369 1443 1442)
4(1516 1517 1491 1490)
4(1443 1417 1491 1517)
4(1442 1443 1517 1516)
4(1590 1591 1565 1564)
4(1517 1491 1565 1591)
4(1516 1517 1591 1590)
4(1664 1665 1639 1638)
4(1591 1565 1639 1665)
4(1590 1591 1665 1664)
4(1665 1639 603 629)
4(1664 1665 629 628)
4(703 679 678 677)
4(75 51 679 703)
4(777 753 752 751)
4(703 679 753 777)
4(851 827 826 825)
4(777 753 827 851)
4(925 901 900 899)
4(851 827 901 925)
4(999 975 974 973)
4(925 901 975 999)
4(1073 1049 1048 1047)
4(999 975 1049 1073)
4(1147 1123 1122 1121)
4(1073 1049 1123 1147)
4(1221 1197 1196 1195)
4(1147 1123 1197 1221)
4(1295 1271 1270 1269)
4(1221 1197 1271 1295)
4(1369 1345 1344 1343)
4(1295 1271 1345 1369)
4(1443 1419 1418 1417)
4(1369 1345 1419 1443)
4(1517 1493 1492 1491)
4(1443 1419 1493 1517)
4(1591 1567 1566 1565)
4(1517 1493 1567 1591)
4(1665 1641 1640 1639)
4(1591 1567 1641 1665)
4(1665 1641 605 629)
4(703 704 680 679)
4(76 52 680 704)
4(75 76 704 703)
4(777 778 754 753)
4(704 680 754 778)
4(703 704 778 777)
4(851 852 828 827)
4(778 754 828 852)
4(777 778 852 851)
4(925 926 902 901)
4(852 828 902 926)
4(851 852 926 925)
4(999 1000 976 975)
4(926 902 976 1000)
4(925 926 1000 999)
4(1073 1074 1050 1049)
4(1000 976 1050 1074)
4(999 1000 1074 1073)
4(1147 1148 1124 1123)
4(1074 1050 1124 1148)
4(1073 1074 1148 1147)
4(1221 1222 1198 1197)
4(1148 1124 1198 1222)
4(1147 1148 1222 1221)
4(1295 1296 1272 1271)
4(1222 1198 1272 1296)
4(1221 1222 1296 1295)
4(1369 1370 1346 1345)
4(1296 1272 1346 1370)
4(1295 1296 1370 1369)
4(1443 1444 1420 1419)
4(1370 1346 1420 1444)
4(1369 1370 1444 1443)
4(1517 1518 1494 1493)
4(1444 1420 1494 1518)
4(1443 1444 1518 1517)
4(1591 1592 1568 1567)
4(1518 1494 1568 1592)
4(1517 1518 1592 1591)
4(1665 1666 1642 1641)
4(1592 1568 1642 1666)
4(1591 1592 1666 1665)
4(1666 1642 606 630)
4(1665 1666 630 629)
4(704 705 681 680)
4(77 53 681 705)
4(76 77 705 704)
4(778 779 755 754)
4(705 681 755 779)
4(704 705 779 778)
4(852 853 829 828)
4(779 755 829 853)
4(778 779 853 852)
4(926 927 903 902)
4(853 829 903 927)
4(852 853 927 926)
4(1000 1001 977 976)
4(927 903 977 1001)
4(926 927 1001 1000)
4(1074 1075 1051 1050)
4(1001 977 1051 1075)
4(1000 1001 1075 1074)
4(1148 1149 1125 1124)
4(1075 1051 1125 1149)
4(1074 1075 1149 1148)
4(1222 1223 1199 1198)
4(1149 1125 1199 1223)
4(1148 1149 1223 1222)
4(1296 1297 1273 1272)
4(1223 1199 1273 1297)
4(1222 1223 1297 1296)
4(1370 1371 1347 1346)
4(1297 1273 1347 1371)
4(1296 1297 1371 1370)
4(1444 1445 1421 1420)
4(1371 1347 1421 1445)
4(1370 1371 1445 1444)
4(1518 1519 1495 1494)
4(1445 1421 1495 1519)
4(1444 1445 1519 1518)
4(1592 1593 1569 1568)
4(1519 1495 1569 1593)
4(1518 1519 1593 1592)
4(1666 1667 1643 1642)
4(1593 1569 1643 1667)
4(1592 1593 1667 1666)
4(1667 1643 607 631)
4(1666 1667 631 630)
4(705 706 682 681)
4(78 54 682 706)
4(77 78 706 705)
4(779 780 756 755)
4(706 682 756 780)
4(705 706 780 779)
4(853 854 830 829)
4(780 756 830 854)
4(779 780 854 853)
4(927 928 904 903)
4(854 830 904 928)
4(853 854 928 927)
4(1001 1002 978 977)
4(928 904 978 1002)
4(927 928 1002 1001)
4(1075 1076 1052 1051)
4(1002 978 1052 1076)
4(1001 1002 1076 1075)
4(1149 1150 1126 1125)
4(1076 1052 1126 1150)
4(1075 1076 1150 1149)
4(1223 1224 1200 1199)
4(1150 1126 1200 1224)
4(1149 1150 1224 1223)
4(1297 1298 1274 1273)
4(1224 1200 1274 1298)
4(1223 1224 1298 1297)
4(1371 1372 1348 1347)
4(1298 1274 1348 1372)
4(1297 1298 1372 1371)
4(1445 1446 1422 1421)
4(1372 1348 1422 1446)
4(1371 1372 1446 1445)
4(1519 1520 1496 1495)
4(1446 1422 1496 1520)
4(1445 1446 1520 1519)
4(1593 1594 1570 1569)
4(1520 1496 1570 1594)
4(1519 1520 1594 1593)
4(1667 1668 1644 1643)
4(1594 1570 1644 1668)
4(1593 1594 1668 1667)
4(1668 1644 608 632)
4(1667 1668 632 631)
4(706 707 683 682)
4(79 55 683 707)
4(78 79 707 706)
4(780 781 757 756)
4(707 683 757 781)
4(706 707 781 780)
4(854 855 831 830)
4(781 757 831 855)
4(780 781 855 854)
4(928 929 905 904)
4(855 831 905 929)
4(854 855 929 928)
4(1002 1003 979 978)
4(929 905 979 1003)
4(928 929 1003 1002)
4(1076 1077 1053 1052)
4(1003 979 1053 1077)
4(1002 1003 1077 1076)
4(1150 1151 1127 1126)
4(1077 1053 1127 1151)
4(1076 1077 1151 1150)
4(1224 1225 1201 1200)
4(1151 1127 1201 1225)
4(1150 1151 1225 1224)
4(1298 1299 1275 1274)
4(1225 1201 1275 1299)
4(1224 1225 1299 1298)
4(1372 1373 1349 1348)
4(1299 1275 1349 1373)
4(1298 1299 1373 1372)
4(1446 1447 1423 1422)
4(1373 1349 1423 1447)
4(1372 1373 1447 1446)
4(1520 1521 1497 1496)
4(1447 1423 1497 1521)
4(1446 1447 1521 1520)
4(1594 1595 1571 1570)
4(1521 1497 1571 1595)
4(1520 1521 1595 1594)
4(1668 1669 1645 1644)
4(1595 1571 1645 1669)
4(1594 1595 1669 1668)
4(1669 1645 609 633)
4(1668 1669 633 632)
4(707 685 684 683)
4(79 57 685 707)
4(781 759 758 757)
4(707 685 759 781)
4(855 833 832 831)
4(781 759 833 855)
4(929 907 906 905)
4(855 833 907 929)
4(1003 981 980 979)
4(929 907 981 1003)
4(1077 1055 1054 1053)
4(1003 981 1055 1077)
4(1151 1129 1128 1127)
4(1077 1055 1129 1151)
4(1225 1203 1202 1201)
4(1151 1129 1203 1225)
4(1299 1277 1276 1275)
4(1225 1203 1277 1299)
4(1373 1351 1350 1349)
4(1299 1277 1351 1373)
4(1447 1425 1424 1423)
4(1373 1351 1425 1447)
4(1521 1499 1498 1497)
4(1447 1425 1499 1521)
4(1595 1573 1572 1571)
4(1521 1499 1573 1595)
4(1669 1647 1646 1645)
4(1595 1573 1647 1669)
4(1669 1647 611 633)
4(707 708 686 685)
4(80 58 686 708)
4(79 80 708 707)
4(781 782 760 759)
4(708 686 760 782)
4(707 708 782 781)
4(855 856 834 833)
4(782 760 834 856)
4(781 782 856 855)
4(929 930 908 907)
4(856 834 908 930)
4(855 856 930 929)
4(1003 1004 982 981)
4(930 908 982 1004)
4(929 930 1004 1003)
4(1077 1078 1056 1055)
4(1004 982 1056 1078)
4(1003 1004 1078 1077)
4(1151 1152 1130 1129)
4(1078 1056 1130 1152)
4(1077 1078 1152 1151)
4(1225 1226 1204 1203)
4(1152 1130 1204 1226)
4(1151 1152 1226 1225)
4(1299 1300 1278 1277)
4(1226 1204 1278 1300)
4(1225 1226 1300 1299)
4(1373 1374 1352 1351)
4(1300 1278 1352 1374)
4(1299 1300 1374 1373)
4(1447 1448 1426 1425)
4(1374 1352 1426 1448)
4(1373 1374 1448 1447)
4(1521 1522 1500 1499)
4(1448 1426 1500 1522)
4(1447 1448 1522 1521)
4(1595 1596 1574 1573)
4(1522 1500 1574 1596)
4(1521 1522 1596 1595)
4(1669 1670 1648 1647)
4(1596 1574 1648 1670)
4(1595 1596 1670 1669)
4(1670 1648 612 634)
4(1669 1670 634 633)
4(708 709 687 686)
4(81 59 687 709)
4(80 81 709 708)
4(782 783 761 760)
4(709 687 761 783)
4(708 709 783 782)
4(856 857 835 834)
4(783 761 835 857)
4(782 783 857 856)
4(930 931 909 908)
4(857 835 909 931)
4(856 857 931 930)
4(1004 1005 983 982)
4(931 909 983 1005)
4(930 931 1005 1004)
4(1078 1079 1057 1056)
4(1005 983 1057 1079)
4(1004 1005 1079 1078)
4(1152 1153 1131 1130)
4(1079 1057 1131 1153)
4(1078 1079 1153 1152)
4(1226 1227 1205 1204)
4(1153 1131 1205 1227)
4(1152 1153 1227 1226)
4(1300 1301 1279 1278)
4(1227 1205 1279 1301)
4(1226 1227 1301 1300)
4(1374 1375 1353 1352)
4(1301 1279 1353 1375)
4(1300 1301 1375 1374)
4(1448 1449 1427 1426)
4(1375 1353 1427 1449)
4(1374 1375 1449 1448)
4(1522 1523 1501 1500)
4(1449 1427 1501 1523)
4(1448 1449 1523 1522)
4(1596 1597 1575 1574)
4(1523 1501 1575 1597)
4(1522 1523 1597 1596)
4(1670 1671 1649 1648)
4(1597 1575 1649 1671)
4(1596 1597 1671 1670)
4(1671 1649 613 635)
4(1670 1671 635 634)
4(709 710 688 687)
4(82 60 688 710)
4(81 82 710 709)
4(783 784 762 761)
4(710 688 762 784)
4(709 710 784 783)
4(857 858 836 835)
4(784 762 836 858)
4(783 784 858 857)
4(931 932 910 909)
4(858 836 910 932)
4(857 858 932 931)
4(1005 1006 984 983)
4(932 910 984 1006)
4(931 932 1006 1005)
4(1079 1080 1058 1057)
4(1006 984 1058 1080)
4(1005 1006 1080 1079)
4(1153 1154 1132 1131)
4(1080 1058 1132 1154)
4(1079 1080 1154 1153)
4(1227 1228 1206 1205)
4(1154 1132 1206 1228)
4(1153 1154 1228 1227)
4(1301 1302 1280 1279)
4(1228 1206 1280 1302)
4(1227 1228 1302 1301)
4(1375 1376 1354 1353)
4(1302 1280 1354 1376)
4(1301 1302 1376 1375)
4(1449 1450 1428 1427)
4(1376 1354 1428 1450)
4(1375 1376 1450 1449)
4(1523 1524 1502 1501)
4(1450 1428 1502 1524)
4(1449 1450 1524 1523)
4(1597 1598 1576 1575)
4(1524 1502 1576 1598)
4(1523 1524 1598 1597)
4(1671 1672 1650 1649)
4(1598 1576 1650 1672)
4(1597 1598 1672 1671)
4(1672 1650 614 636)
4(1671 1672 636 635)
4(710 711 689 688)
4(83 61 689 711)
4(82 83 711 710)
4(784 785 763 762)
4(711 689 763 785)
4(710 711 785 784)
4(858 859 837 836)
4(785 763 837 859)
4(784 785 859 858)
4(932 933 911 910)
4(859 837 911 933)
4(858 859 933 932)
4(1006 1007 985 984)
4(933 911 985 1007)
4(932 933 1007 1006)
4(1080 1081 1059 1058)
4(1007 985 1059 1081)
4(1006 1007 1081 1080)
4(1154 1155 1133 1132)
4(1081 1059 1133 1155)
4(1080 1081 1155 1154)
4(1228 1229 1207 1206)
4(1155 1133 1207 1229)
4(1154 1155 1229 1228)
4(1302 1303 1281 1280)
4(1229 1207 1281 1303)
4(1228 1229 1303 1302)
4(1376 1377 1355 1354)
4(1303 1281 1355 1377)
4(1302 1303 1377 1376)
4(1450 1451 1429 1428)
4(1377 1355 1429 1451)
4(1376 1377 1451 1450)
4(1524 1525 1503 1502)
4(1451 1429 1503 1525)
4(1450 1451 1525 1524)
4(1598 1599 1577 1576)
4(1525 1503 1577 1599)
4(1524 1525 1599 1598)
4(1672 1673 1651 1650)
4(1599 1577 1651 1673)
4(1598 1599 1673 1672)
4(1673 1651 615 637)
4(1672 1673 637 636)
4(711 712 690 689)
4(84 62 690 712)
4(83 84 712 711)
4(785 786 764 763)
4(712 690 764 786)
4(711 712 786 785)
4(859 860 838 837)
4(786 764 838 860)
4(785 786 860 859)
4(933 934 912 911)
4(860 838 912 934)
4(859 860 934 933)
4(1007 1008 986 985)
4(934 912 986 1008)
4(933 934 1008 1007)
4(1081 1082 1060 1059)
4(1008 986 1060 1082)
4(1007 1008 1082 1081)
4(1155 1156 1134 1133)
4(1082 1060 1134 1156)
4(1081 1082 1156 1155)
4(1229 1230 1208 1207)
4(1156 1134 1208 1230)
4(1155 1156 1230 1229)
4(1303 1304 1282 1281)
4(1230 1208 1282 1304)
4(1229 1230 1304 1303)
4(1377 1378 1356 1355)
4(1304 1282 1356 1378)
4(1303 1304 1378 1377)
4(1451 1452 1430 1429)
4(1378 1356 1430 1452)
4(1377 1378 1452 1451)
4(1525 1526 1504 1503)
4(1452 1430 1504 1526)
4(1451 1452 1526 1525)
4(1599 1600 1578 1577)
4(1526 1504 1578 1600)
4(1525 1526 1600 1599)
4(1673 1674 1652 1651)
4(1600 1578 1652 1674)
4(1599 1600 1674 1673)
4(1674 1652 616 638)
4(1673 1674 638 637)
4(712 660 691 690)
4(84 32 660 712)
4(786 734 765 764)
4(712 660 734 786)
4(860 808 839 838)
4(786 734 808 860)
4(934 882 913 912)
4(860 808 882 934)
4(1008 956 987 986)
4(934 882 956 1008)
4(1082 1030 1061 1060)
4(1008 956 1030 1082)
4(1156 1104 1135 1134)
4(1082 1030 1104 1156)
4(1230 1178 1209 1208)
4(1156 1104 1178 1230)
4(1304 1252 1283 1282)
4(1230 1178 1252 1304)
4(1378 1326 1357 1356)
4(1304 1252 1326 1378)
4(1452 1400 1431 1430)
4(1378 1326 1400 1452)
4(1526 1474 1505 1504)
4(1452 1400 1474 1526)
4(1600 1548 1579 1578)
4(1526 1474 1548 1600)
4(1674 1622 1653 1652)
4(1600 1548 1622 1674)
4(1674 1622 586 638)
4(712 713 661 660)
4(85 33 661 713)
4(84 85 713 712)
4(786 787 735 734)
4(713 661 735 787)
4(712 713 787 786)
4(860 861 809 808)
4(787 735 809 861)
4(786 787 861 860)
4(934 935 883 882)
4(861 809 883 935)
4(860 861 935 934)
4(1008 1009 957 956)
4(935 883 957 1009)
4(934 935 1009 1008)
4(1082 1083 1031 1030)
4(1009 957 1031 1083)
4(1008 1009 1083 1082)
4(1156 1157 1105 1104)
4(1083 1031 1105 1157)
4(1082 1083 1157 1156)
4(1230 1231 1179 1178)
4(1157 1105 1179 1231)
4(1156 1157 1231 1230)
4(1304 1305 1253 1252)
4(1231 1179 1253 1305)
4(1230 1231 1305 1304)
4(1378 1379 1327 1326)
4(1305 1253 1327 1379)
4(1304 1305 1379 1378)
4(1452 1453 1401 1400)
4(1379 1327 1401 1453)
4(1378 1379 1453 1452)
4(1526 1527 1475 1474)
4(1453 1401 1475 1527)
4(1452 1453 1527 1526)
4(1600 1601 1549 1548)
4(1527 1475 1549 1601)
4(1526 1527 1601 1600)
4(1674 1675 1623 1622)
4(1601 1549 1623 1675)
4(1600 1601 1675 1674)
4(1675 1623 587 639)
4(1674 1675 639 638)
4(713 692 662 661)
4(85 64 692 713)
4(787 766 736 735)
4(713 692 766 787)
4(861 840 810 809)
4(787 766 840 861)
4(935 914 884 883)
4(861 840 914 935)
4(1009 988 958 957)
4(935 914 988 1009)
4(1083 1062 1032 1031)
4(1009 988 1062 1083)
4(1157 1136 1106 1105)
4(1083 1062 1136 1157)
4(1231 1210 1180 1179)
4(1157 1136 1210 1231)
4(1305 1284 1254 1253)
4(1231 1210 1284 1305)
4(1379 1358 1328 1327)
4(1305 1284 1358 1379)
4(1453 1432 1402 1401)
4(1379 1358 1432 1453)
4(1527 1506 1476 1475)
4(1453 1432 1506 1527)
4(1601 1580 1550 1549)
4(1527 1506 1580 1601)
4(1675 1654 1624 1623)
4(1601 1580 1654 1675)
4(1675 1654 618 639)
4(733 714 715 695)
4(67 695 715 87)
4(86 87 715 714)
4(105 86 714 733)
4(807 788 789 769)
4(695 769 789 715)
4(714 715 789 788)
4(733 714 788 807)
4(881 862 863 843)
4(769 843 863 789)
4(788 789 863 862)
4(807 788 862 881)
4(955 936 937 917)
4(843 917 937 863)
4(862 863 937 936)
4(881 862 936 955)
4(1029 1010 1011 991)
4(917 991 1011 937)
4(936 937 1011 1010)
4(955 936 1010 1029)
4(1103 1084 1085 1065)
4(991 1065 1085 1011)
4(1010 1011 1085 1084)
4(1029 1010 1084 1103)
4(1177 1158 1159 1139)
4(1065 1139 1159 1085)
4(1084 1085 1159 1158)
4(1103 1084 1158 1177)
4(1251 1232 1233 1213)
4(1139 1213 1233 1159)
4(1158 1159 1233 1232)
4(1177 1158 1232 1251)
4(1325 1306 1307 1287)
4(1213 1287 1307 1233)
4(1232 1233 1307 1306)
4(1251 1232 1306 1325)
4(1399 1380 1381 1361)
4(1287 1361 1381 1307)
4(1306 1307 1381 1380)
4(1325 1306 1380 1399)
4(1473 1454 1455 1435)
4(1361 1435 1455 1381)
4(1380 1381 1455 1454)
4(1399 1380 1454 1473)
4(1547 1528 1529 1509)
4(1435 1509 1529 1455)
4(1454 1455 1529 1528)
4(1473 1454 1528 1547)
4(1621 1602 1603 1583)
4(1509 1583 1603 1529)
4(1528 1529 1603 1602)
4(1547 1528 1602 1621)
4(1695 1676 1677 1657)
4(1583 1657 1677 1603)
4(1602 1603 1677 1676)
4(1621 1602 1676 1695)
4(1657 621 641 1677)
4(1676 1677 641 640)
4(1695 1676 640 659)
4(715 716 696 695)
4(88 68 696 716)
4(87 88 716 715)
4(789 790 770 769)
4(716 696 770 790)
4(715 716 790 789)
4(863 864 844 843)
4(790 770 844 864)
4(789 790 864 863)
4(937 938 918 917)
4(864 844 918 938)
4(863 864 938 937)
4(1011 1012 992 991)
4(938 918 992 1012)
4(937 938 1012 1011)
4(1085 1086 1066 1065)
4(1012 992 1066 1086)
4(1011 1012 1086 1085)
4(1159 1160 1140 1139)
4(1086 1066 1140 1160)
4(1085 1086 1160 1159)
4(1233 1234 1214 1213)
4(1160 1140 1214 1234)
4(1159 1160 1234 1233)
4(1307 1308 1288 1287)
4(1234 1214 1288 1308)
4(1233 1234 1308 1307)
4(1381 1382 1362 1361)
4(1308 1288 1362 1382)
4(1307 1308 1382 1381)
4(1455 1456 1436 1435)
4(1382 1362 1436 1456)
4(1381 1382 1456 1455)
4(1529 1530 1510 1509)
4(1456 1436 1510 1530)
4(1455 1456 1530 1529)
4(1603 1604 1584 1583)
4(1530 1510 1584 1604)
4(1529 1530 1604 1603)
4(1677 1678 1658 1657)
4(1604 1584 1658 1678)
4(1603 1604 1678 1677)
4(1678 1658 622 642)
4(1677 1678 642 641)
4(716 717 697 696)
4(89 69 697 717)
4(88 89 717 716)
4(790 791 771 770)
4(717 697 771 791)
4(716 717 791 790)
4(864 865 845 844)
4(791 771 845 865)
4(790 791 865 864)
4(938 939 919 918)
4(865 845 919 939)
4(864 865 939 938)
4(1012 1013 993 992)
4(939 919 993 1013)
4(938 939 1013 1012)
4(1086 1087 1067 1066)
4(1013 993 1067 1087)
4(1012 1013 1087 1086)
4(1160 1161 1141 1140)
4(1087 1067 1141 1161)
4(1086 1087 1161 1160)
4(1234 1235 1215 1214)
4(1161 1141 1215 1235)
4(1160 1161 1235 1234)
4(1308 1309 1289 1288)
4(1235 1215 1289 1309)
4(1234 1235 1309 1308)
4(1382 1383 1363 1362)
4(1309 1289 1363 1383)
4(1308 1309 1383 1382)
4(1456 1457 1437 1436)
4(1383 1363 1437 1457)
4(1382 1383 1457 1456)
4(1530 1531 1511 1510)
4(1457 1437 1511 1531)
4(1456 1457 1531 1530)
4(1604 1605 1585 1584)
4(1531 1511 1585 1605)
4(1530 1531 1605 1604)
4(1678 1679 1659 1658)
4(1605 1585 1659 1679)
4(1604 1605 1679 1678)
4(1679 1659 623 643)
4(1678 1679 643 642)
4(699 698 697 717)
4(71 699 717 89)
4(71 70 698 699)
4(773 772 771 791)
4(699 773 791 717)
4(699 698 772 773)
4(847 846 845 865)
4(773 847 865 791)
4(773 772 846 847)
4(921 920 919 939)
4(847 921 939 865)
4(847 846 920 921)
4(995 994 993 1013)
4(921 995 1013 939)
4(921 920 994 995)
4(1069 1068 1067 1087)
4(995 1069 1087 1013)
4(995 994 1068 1069)
4(1143 1142 1141 1161)
4(1069 1143 1161 1087)
4(1069 1068 1142 1143)
4(1217 1216 1215 1235)
4(1143 1217 1235 1161)
4(1143 1142 1216 1217)
4(1291 1290 1289 1309)
4(1217 1291 1309 1235)
4(1217 1216 1290 1291)
4(1365 1364 1363 1383)
4(1291 1365 1383 1309)
4(1291 1290 1364 1365)
4(1439 1438 1437 1457)
4(1365 1439 1457 1383)
4(1365 1364 1438 1439)
4(1513 1512 1511 1531)
4(1439 1513 1531 1457)
4(1439 1438 1512 1513)
4(1587 1586 1585 1605)
4(1513 1587 1605 1531)
4(1513 1512 1586 1587)
4(1661 1660 1659 1679)
4(1587 1661 1679 1605)
4(1587 1586 1660 1661)
4(1661 625 643 1679)
4(1661 1660 624 625)
4(717 718 700 699)
4(90 72 700 718)
4(89 90 718 717)
4(791 792 774 773)
4(718 700 774 792)
4(717 718 792 791)
4(865 866 848 847)
4(792 774 848 866)
4(791 792 866 865)
4(939 940 922 921)
4(866 848 922 940)
4(865 866 940 939)
4(1013 1014 996 995)
4(940 922 996 1014)
4(939 940 1014 1013)
4(1087 1088 1070 1069)
4(1014 996 1070 1088)
4(1013 1014 1088 1087)
4(1161 1162 1144 1143)
4(1088 1070 1144 1162)
4(1087 1088 1162 1161)
4(1235 1236 1218 1217)
4(1162 1144 1218 1236)
4(1161 1162 1236 1235)
4(1309 1310 1292 1291)
4(1236 1218 1292 1310)
4(1235 1236 1310 1309)
4(1383 1384 1366 1365)
4(1310 1292 1366 1384)
4(1309 1310 1384 1383)
4(1457 1458 1440 1439)
4(1384 1366 1440 1458)
4(1383 1384 1458 1457)
4(1531 1532 1514 1513)
4(1458 1440 1514 1532)
4(1457 1458 1532 1531)
4(1605 1606 1588 1587)
4(1532 1514 1588 1606)
4(1531 1532 1606 1605)
4(1679 1680 1662 1661)
4(1606 1588 1662 1680)
4(1605 1606 1680 1679)
4(1680 1662 626 644)
4(1679 1680 644 643)
4(718 719 701 700)
4(91 73 701 719)
4(90 91 719 718)
4(792 793 775 774)
4(719 701 775 793)
4(718 719 793 792)
4(866 867 849 848)
4(793 775 849 867)
4(792 793 867 866)
4(940 941 923 922)
4(867 849 923 941)
4(866 867 941 940)
4(1014 1015 997 996)
4(941 923 997 1015)
4(940 941 1015 1014)
4(1088 1089 1071 1070)
4(1015 997 1071 1089)
4(1014 1015 1089 1088)
4(1162 1163 1145 1144)
4(1089 1071 1145 1163)
4(1088 1089 1163 1162)
4(1236 1237 1219 1218)
4(1163 1145 1219 1237)
4(1162 1163 1237 1236)
4(1310 1311 1293 1292)
4(1237 1219 1293 1311)
4(1236 1237 1311 1310)
4(1384 1385 1367 1366)
4(1311 1293 1367 1385)
4(1310 1311 1385 1384)
4(1458 1459 1441 1440)
4(1385 1367 1441 1459)
4(1384 1385 1459 1458)
4(1532 1533 1515 1514)
4(1459 1441 1515 1533)
4(1458 1459 1533 1532)
4(1606 1607 1589 1588)
4(1533 1515 1589 1607)
4(1532 1533 1607 1606)
4(1680 1681 1663 1662)
4(1607 1589 1663 1681)
4(1606 1607 1681 1680)
4(1681 1663 627 645)
4(1680 1681 645 644)
4(719 720 702 701)
4(91 92 720 719)
4(92 74 702 720)
4(793 794 776 775)
4(719 720 794 793)
4(720 702 776 794)
4(867 868 850 849)
4(793 794 868 867)
4(794 776 850 868)
4(941 942 924 923)
4(867 868 942 941)
4(868 850 924 942)
4(1015 1016 998 997)
4(941 942 1016 1015)
4(942 924 998 1016)
4(1089 1090 1072 1071)
4(1015 1016 1090 1089)
4(1016 998 1072 1090)
4(1163 1164 1146 1145)
4(1089 1090 1164 1163)
4(1090 1072 1146 1164)
4(1237 1238 1220 1219)
4(1163 1164 1238 1237)
4(1164 1146 1220 1238)
4(1311 1312 1294 1293)
4(1237 1238 1312 1311)
4(1238 1220 1294 1312)
4(1385 1386 1368 1367)
4(1311 1312 1386 1385)
4(1312 1294 1368 1386)
4(1459 1460 1442 1441)
4(1385 1386 1460 1459)
4(1386 1368 1442 1460)
4(1533 1534 1516 1515)
4(1459 1460 1534 1533)
4(1460 1442 1516 1534)
4(1607 1608 1590 1589)
4(1533 1534 1608 1607)
4(1534 1516 1590 1608)
4(1681 1682 1664 1663)
4(1607 1608 1682 1681)
4(1608 1590 1664 1682)
4(1681 1682 646 645)
4(1682 1664 628 646)
4(706 722 723 707)
4(79 707 723 95)
4(94 95 723 722)
4(78 94 722 706)
4(780 796 797 781)
4(707 781 797 723)
4(722 723 797 796)
4(706 722 796 780)
4(854 870 871 855)
4(781 855 871 797)
4(796 797 871 870)
4(780 796 870 854)
4(928 944 945 929)
4(855 929 945 871)
4(870 871 945 944)
4(854 870 944 928)
4(1002 1018 1019 1003)
4(929 1003 1019 945)
4(944 945 1019 1018)
4(928 944 1018 1002)
4(1076 1092 1093 1077)
4(1003 1077 1093 1019)
4(1018 1019 1093 1092)
4(1002 1018 1092 1076)
4(1150 1166 1167 1151)
4(1077 1151 1167 1093)
4(1092 1093 1167 1166)
4(1076 1092 1166 1150)
4(1224 1240 1241 1225)
4(1151 1225 1241 1167)
4(1166 1167 1241 1240)
4(1150 1166 1240 1224)
4(1298 1314 1315 1299)
4(1225 1299 1315 1241)
4(1240 1241 1315 1314)
4(1224 1240 1314 1298)
4(1372 1388 1389 1373)
4(1299 1373 1389 1315)
4(1314 1315 1389 1388)
4(1298 1314 1388 1372)
4(1446 1462 1463 1447)
4(1373 1447 1463 1389)
4(1388 1389 1463 1462)
4(1372 1388 1462 1446)
4(1520 1536 1537 1521)
4(1447 1521 1537 1463)
4(1462 1463 1537 1536)
4(1446 1462 1536 1520)
4(1594 1610 1611 1595)
4(1521 1595 1611 1537)
4(1536 1537 1611 1610)
4(1520 1536 1610 1594)
4(1668 1684 1685 1669)
4(1595 1669 1685 1611)
4(1610 1611 1685 1684)
4(1594 1610 1684 1668)
4(1669 633 649 1685)
4(1684 1685 649 648)
4(1668 1684 648 632)
4(723 724 708 707)
4(95 96 724 723)
4(96 80 708 724)
4(797 798 782 781)
4(723 724 798 797)
4(724 708 782 798)
4(871 872 856 855)
4(797 798 872 871)
4(798 782 856 872)
4(945 946 930 929)
4(871 872 946 945)
4(872 856 930 946)
4(1019 1020 1004 1003)
4(945 946 1020 1019)
4(946 930 1004 1020)
4(1093 1094 1078 1077)
4(1019 1020 1094 1093)
4(1020 1004 1078 1094)
4(1167 1168 1152 1151)
4(1093 1094 1168 1167)
4(1094 1078 1152 1168)
4(1241 1242 1226 1225)
4(1167 1168 1242 1241)
4(1168 1152 1226 1242)
4(1315 1316 1300 1299)
4(1241 1242 1316 1315)
4(1242 1226 1300 1316)
4(1389 1390 1374 1373)
4(1315 1316 1390 1389)
4(1316 1300 1374 1390)
4(1463 1464 1448 1447)
4(1389 1390 1464 1463)
4(1390 1374 1448 1464)
4(1537 1538 1522 1521)
4(1463 1464 1538 1537)
4(1464 1448 1522 1538)
4(1611 1612 1596 1595)
4(1537 1538 1612 1611)
4(1538 1522 1596 1612)
4(1685 1686 1670 1669)
4(1611 1612 1686 1685)
4(1612 1596 1670 1686)
4(1685 1686 650 649)
4(1686 1670 634 650)
4(710 724 730 711)
4(83 711 730 102)
4(96 102 730 724)
4(82 96 724 710)
4(784 798 804 785)
4(711 785 804 730)
4(724 730 804 798)
4(710 724 798 784)
4(858 872 878 859)
4(785 859 878 804)
4(798 804 878 872)
4(784 798 872 858)
4(932 946 952 933)
4(859 933 952 878)
4(872 878 952 946)
4(858 872 946 932)
4(1006 1020 1026 1007)
4(933 1007 1026 952)
4(946 952 1026 1020)
4(932 946 1020 1006)
4(1080 1094 1100 1081)
4(1007 1081 1100 1026)
4(1020 1026 1100 1094)
4(1006 1020 1094 1080)
4(1154 1168 1174 1155)
4(1081 1155 1174 1100)
4(1094 1100 1174 1168)
4(1080 1094 1168 1154)
4(1228 1242 1248 1229)
4(1155 1229 1248 1174)
4(1168 1174 1248 1242)
4(1154 1168 1242 1228)
4(1302 1316 1322 1303)
4(1229 1303 1322 1248)
4(1242 1248 1322 1316)
4(1228 1242 1316 1302)
4(1376 1390 1396 1377)
4(1303 1377 1396 1322)
4(1316 1322 1396 1390)
4(1302 1316 1390 1376)
4(1450 1464 1470 1451)
4(1377 1451 1470 1396)
4(1390 1396 1470 1464)
4(1376 1390 1464 1450)
4(1524 1538 1544 1525)
4(1451 1525 1544 1470)
4(1464 1470 1544 1538)
4(1450 1464 1538 1524)
4(1598 1612 1618 1599)
4(1525 1599 1618 1544)
4(1538 1544 1618 1612)
4(1524 1538 1612 1598)
4(1672 1686 1692 1673)
4(1599 1673 1692 1618)
4(1612 1618 1692 1686)
4(1598 1612 1686 1672)
4(1673 637 656 1692)
4(1686 1692 656 650)
4(1672 1686 650 636)
4(730 713 712 711)
4(102 85 713 730)
4(804 787 786 785)
4(730 713 787 804)
4(878 861 860 859)
4(804 787 861 878)
4(952 935 934 933)
4(878 861 935 952)
4(1026 1009 1008 1007)
4(952 935 1009 1026)
4(1100 1083 1082 1081)
4(1026 1009 1083 1100)
4(1174 1157 1156 1155)
4(1100 1083 1157 1174)
4(1248 1231 1230 1229)
4(1174 1157 1231 1248)
4(1322 1305 1304 1303)
4(1248 1231 1305 1322)
4(1396 1379 1378 1377)
4(1322 1305 1379 1396)
4(1470 1453 1452 1451)
4(1396 1379 1453 1470)
4(1544 1527 1526 1525)
4(1470 1453 1527 1544)
4(1618 1601 1600 1599)
4(1544 1527 1601 1618)
4(1692 1675 1674 1673)
4(1618 1601 1675 1692)
4(1692 1675 639 656)
4(730 729 692 713)
4(101 64 692 729)
4(102 101 729 730)
4(804 803 766 787)
4(729 692 766 803)
4(730 729 803 804)
4(878 877 840 861)
4(803 766 840 877)
4(804 803 877 878)
4(952 951 914 935)
4(877 840 914 951)
4(878 877 951 952)
4(1026 1025 988 1009)
4(951 914 988 1025)
4(952 951 1025 1026)
4(1100 1099 1062 1083)
4(1025 988 1062 1099)
4(1026 1025 1099 1100)
4(1174 1173 1136 1157)
4(1099 1062 1136 1173)
4(1100 1099 1173 1174)
4(1248 1247 1210 1231)
4(1173 1136 1210 1247)
4(1174 1173 1247 1248)
4(1322 1321 1284 1305)
4(1247 1210 1284 1321)
4(1248 1247 1321 1322)
4(1396 1395 1358 1379)
4(1321 1284 1358 1395)
4(1322 1321 1395 1396)
4(1470 1469 1432 1453)
4(1395 1358 1432 1469)
4(1396 1395 1469 1470)
4(1544 1543 1506 1527)
4(1469 1432 1506 1543)
4(1470 1469 1543 1544)
4(1618 1617 1580 1601)
4(1543 1506 1580 1617)
4(1544 1543 1617 1618)
4(1692 1691 1654 1675)
4(1617 1580 1654 1691)
4(1618 1617 1691 1692)
4(1691 1654 618 655)
4(1692 1691 655 656)
4(729 725 693 692)
4(97 65 693 725)
4(101 97 725 729)
4(803 799 767 766)
4(725 693 767 799)
4(729 725 799 803)
4(877 873 841 840)
4(799 767 841 873)
4(803 799 873 877)
4(951 947 915 914)
4(873 841 915 947)
4(877 873 947 951)
4(1025 1021 989 988)
4(947 915 989 1021)
4(951 947 1021 1025)
4(1099 1095 1063 1062)
4(1021 989 1063 1095)
4(1025 1021 1095 1099)
4(1173 1169 1137 1136)
4(1095 1063 1137 1169)
4(1099 1095 1169 1173)
4(1247 1243 1211 1210)
4(1169 1137 1211 1243)
4(1173 1169 1243 1247)
4(1321 1317 1285 1284)
4(1243 1211 1285 1317)
4(1247 1243 1317 1321)
4(1395 1391 1359 1358)
4(1317 1285 1359 1391)
4(1321 1317 1391 1395)
4(1469 1465 1433 1432)
4(1391 1359 1433 1465)
4(1395 1391 1465 1469)
4(1543 1539 1507 1506)
4(1465 1433 1507 1539)
4(1469 1465 1539 1543)
4(1617 1613 1581 1580)
4(1539 1507 1581 1613)
4(1543 1539 1613 1617)
4(1691 1687 1655 1654)
4(1613 1581 1655 1687)
4(1617 1613 1687 1691)
4(1687 1655 619 651)
4(1691 1687 651 655)
4(725 714 732 693)
4(97 86 714 725)
4(86 104 732 714)
4(799 788 806 767)
4(725 714 788 799)
4(714 732 806 788)
4(873 862 880 841)
4(799 788 862 873)
4(788 806 880 862)
4(947 936 954 915)
4(873 862 936 947)
4(862 880 954 936)
4(1021 1010 1028 989)
4(947 936 1010 1021)
4(936 954 1028 1010)
4(1095 1084 1102 1063)
4(1021 1010 1084 1095)
4(1010 1028 1102 1084)
4(1169 1158 1176 1137)
4(1095 1084 1158 1169)
4(1084 1102 1176 1158)
4(1243 1232 1250 1211)
4(1169 1158 1232 1243)
4(1158 1176 1250 1232)
4(1317 1306 1324 1285)
4(1243 1232 1306 1317)
4(1232 1250 1324 1306)
4(1391 1380 1398 1359)
4(1317 1306 1380 1391)
4(1306 1324 1398 1380)
4(1465 1454 1472 1433)
4(1391 1380 1454 1465)
4(1380 1398 1472 1454)
4(1539 1528 1546 1507)
4(1465 1454 1528 1539)
4(1454 1472 1546 1528)
4(1613 1602 1620 1581)
4(1539 1528 1602 1613)
4(1528 1546 1620 1602)
4(1687 1676 1694 1655)
4(1613 1602 1676 1687)
4(1602 1620 1694 1676)
4(1687 1676 640 651)
4(1676 1694 658 640)
4(716 726 718 717)
4(98 90 718 726)
4(88 98 726 716)
4(790 800 792 791)
4(726 718 792 800)
4(716 726 800 790)
4(864 874 866 865)
4(800 792 866 874)
4(790 800 874 864)
4(938 948 940 939)
4(874 866 940 948)
4(864 874 948 938)
4(1012 1022 1014 1013)
4(948 940 1014 1022)
4(938 948 1022 1012)
4(1086 1096 1088 1087)
4(1022 1014 1088 1096)
4(1012 1022 1096 1086)
4(1160 1170 1162 1161)
4(1096 1088 1162 1170)
4(1086 1096 1170 1160)
4(1234 1244 1236 1235)
4(1170 1162 1236 1244)
4(1160 1170 1244 1234)
4(1308 1318 1310 1309)
4(1244 1236 1310 1318)
4(1234 1244 1318 1308)
4(1382 1392 1384 1383)
4(1318 1310 1384 1392)
4(1308 1318 1392 1382)
4(1456 1466 1458 1457)
4(1392 1384 1458 1466)
4(1382 1392 1466 1456)
4(1530 1540 1532 1531)
4(1466 1458 1532 1540)
4(1456 1466 1540 1530)
4(1604 1614 1606 1605)
4(1540 1532 1606 1614)
4(1530 1540 1614 1604)
4(1678 1688 1680 1679)
4(1614 1606 1680 1688)
4(1604 1614 1688 1678)
4(1688 1680 644 652)
4(1678 1688 652 642)
4(726 727 719 718)
4(99 91 719 727)
4(98 99 727 726)
4(800 801 793 792)
4(727 719 793 801)
4(726 727 801 800)
4(874 875 867 866)
4(801 793 867 875)
4(800 801 875 874)
4(948 949 941 940)
4(875 867 941 949)
4(874 875 949 948)
4(1022 1023 1015 1014)
4(949 941 1015 1023)
4(948 949 1023 1022)
4(1096 1097 1089 1088)
4(1023 1015 1089 1097)
4(1022 1023 1097 1096)
4(1170 1171 1163 1162)
4(1097 1089 1163 1171)
4(1096 1097 1171 1170)
4(1244 1245 1237 1236)
4(1171 1163 1237 1245)
4(1170 1171 1245 1244)
4(1318 1319 1311 1310)
4(1245 1237 1311 1319)
4(1244 1245 1319 1318)
4(1392 1393 1385 1384)
4(1319 1311 1385 1393)
4(1318 1319 1393 1392)
4(1466 1467 1459 1458)
4(1393 1385 1459 1467)
4(1392 1393 1467 1466)
4(1540 1541 1533 1532)
4(1467 1459 1533 1541)
4(1466 1467 1541 1540)
4(1614 1615 1607 1606)
4(1541 1533 1607 1615)
4(1540 1541 1615 1614)
4(1688 1689 1681 1680)
4(1615 1607 1681 1689)
4(1614 1615 1689 1688)
4(1689 1681 645 653)
4(1688 1689 653 652)
4(721 720 719 727)
4(93 721 727 99)
4(93 92 720 721)
4(795 794 793 801)
4(721 795 801 727)
4(721 720 794 795)
4(869 868 867 875)
4(795 869 875 801)
4(795 794 868 869)
4(943 942 941 949)
4(869 943 949 875)
4(869 868 942 943)
4(1017 1016 1015 1023)
4(943 1017 1023 949)
4(943 942 1016 1017)
4(1091 1090 1089 1097)
4(1017 1091 1097 1023)
4(1017 1016 1090 1091)
4(1165 1164 1163 1171)
4(1091 1165 1171 1097)
4(1091 1090 1164 1165)
4(1239 1238 1237 1245)
4(1165 1239 1245 1171)
4(1165 1164 1238 1239)
4(1313 1312 1311 1319)
4(1239 1313 1319 1245)
4(1239 1238 1312 1313)
4(1387 1386 1385 1393)
4(1313 1387 1393 1319)
4(1313 1312 1386 1387)
4(1461 1460 1459 1467)
4(1387 1461 1467 1393)
4(1387 1386 1460 1461)
4(1535 1534 1533 1541)
4(1461 1535 1541 1467)
4(1461 1460 1534 1535)
4(1609 1608 1607 1615)
4(1535 1609 1615 1541)
4(1535 1534 1608 1609)
4(1683 1682 1681 1689)
4(1609 1683 1689 1615)
4(1609 1608 1682 1683)
4(1683 647 653 1689)
4(1683 1682 646 647)
4(722 721 727 728)
4(94 722 728 100)
4(100 728 727 99)
4(94 93 721 722)
4(796 795 801 802)
4(722 796 802 728)
4(728 802 801 727)
4(722 721 795 796)
4(870 869 875 876)
4(796 870 876 802)
4(802 876 875 801)
4(796 795 869 870)
4(944 943 949 950)
4(870 944 950 876)
4(876 950 949 875)
4(870 869 943 944)
4(1018 1017 1023 1024)
4(944 1018 1024 950)
4(950 1024 1023 949)
4(944 943 1017 1018)
4(1092 1091 1097 1098)
4(1018 1092 1098 1024)
4(1024 1098 1097 1023)
4(1018 1017 1091 1092)
4(1166 1165 1171 1172)
4(1092 1166 1172 1098)
4(1098 1172 1171 1097)
4(1092 1091 1165 1166)
4(1240 1239 1245 1246)
4(1166 1240 1246 1172)
4(1172 1246 1245 1171)
4(1166 1165 1239 1240)
4(1314 1313 1319 1320)
4(1240 1314 1320 1246)
4(1246 1320 1319 1245)
4(1240 1239 1313 1314)
4(1388 1387 1393 1394)
4(1314 1388 1394 1320)
4(1320 1394 1393 1319)
4(1314 1313 1387 1388)
4(1462 1461 1467 1468)
4(1388 1462 1468 1394)
4(1394 1468 1467 1393)
4(1388 1387 1461 1462)
4(1536 1535 1541 1542)
4(1462 1536 1542 1468)
4(1468 1542 1541 1467)
4(1462 1461 1535 1536)
4(1610 1609 1615 1616)
4(1536 1610 1616 1542)
4(1542 1616 1615 1541)
4(1536 1535 1609 1610)
4(1684 1683 1689 1690)
4(1610 1684 1690 1616)
4(1616 1690 1689 1615)
4(1610 1609 1683 1684)
4(1684 648 654 1690)
4(1690 654 653 1689)
4(1684 1683 647 648)
4(728 729 723 722)
4(101 95 723 729)
4(100 101 729 728)
4(802 803 797 796)
4(729 723 797 803)
4(728 729 803 802)
4(876 877 871 870)
4(803 797 871 877)
4(802 803 877 876)
4(950 951 945 944)
4(877 871 945 951)
4(876 877 951 950)
4(1024 1025 1019 1018)
4(951 945 1019 1025)
4(950 951 1025 1024)
4(1098 1099 1093 1092)
4(1025 1019 1093 1099)
4(1024 1025 1099 1098)
4(1172 1173 1167 1166)
4(1099 1093 1167 1173)
4(1098 1099 1173 1172)
4(1246 1247 1241 1240)
4(1173 1167 1241 1247)
4(1172 1173 1247 1246)
4(1320 1321 1315 1314)
4(1247 1241 1315 1321)
4(1246 1247 1321 1320)
4(1394 1395 1389 1388)
4(1321 1315 1389 1395)
4(1320 1321 1395 1394)
4(1468 1469 1463 1462)
4(1395 1389 1463 1469)
4(1394 1395 1469 1468)
4(1542 1543 1537 1536)
4(1469 1463 1537 1543)
4(1468 1469 1543 1542)
4(1616 1617 1611 1610)
4(1543 1537 1611 1617)
4(1542 1543 1617 1616)
4(1690 1691 1685 1684)
4(1617 1611 1685 1691)
4(1616 1617 1691 1690)
4(1691 1685 649 655)
4(1690 1691 655 654)
4(724 723 729 730)
4(798 797 803 804)
4(872 871 877 878)
4(946 945 951 952)
4(1020 1019 1025 1026)
4(1094 1093 1099 1100)
4(1168 1167 1173 1174)
4(1242 1241 1247 1248)
4(1316 1315 1321 1322)
4(1390 1389 1395 1396)
4(1464 1463 1469 1470)
4(1538 1537 1543 1544)
4(1612 1611 1617 1618)
4(1686 1685 1691 1692)
4(725 731 715 714)
4(103 87 715 731)
4(97 103 731 725)
4(799 805 789 788)
4(731 715 789 805)
4(725 731 805 799)
4(873 879 863 862)
4(805 789 863 879)
4(799 805 879 873)
4(947 953 937 936)
4(879 863 937 953)
4(873 879 953 947)
4(1021 1027 1011 1010)
4(953 937 1011 1027)
4(947 953 1027 1021)
4(1095 1101 1085 1084)
4(1027 1011 1085 1101)
4(1021 1027 1101 1095)
4(1169 1175 1159 1158)
4(1101 1085 1159 1175)
4(1095 1101 1175 1169)
4(1243 1249 1233 1232)
4(1175 1159 1233 1249)
4(1169 1175 1249 1243)
4(1317 1323 1307 1306)
4(1249 1233 1307 1323)
4(1243 1249 1323 1317)
4(1391 1397 1381 1380)
4(1323 1307 1381 1397)
4(1317 1323 1397 1391)
4(1465 1471 1455 1454)
4(1397 1381 1455 1471)
4(1391 1397 1471 1465)
4(1539 1545 1529 1528)
4(1471 1455 1529 1545)
4(1465 1471 1545 1539)
4(1613 1619 1603 1602)
4(1545 1529 1603 1619)
4(1539 1545 1619 1613)
4(1687 1693 1677 1676)
4(1619 1603 1677 1693)
4(1613 1619 1693 1687)
4(1693 1677 641 657)
4(1687 1693 657 651)
4(731 726 716 715)
4(103 98 726 731)
4(805 800 790 789)
4(731 726 800 805)
4(879 874 864 863)
4(805 800 874 879)
4(953 948 938 937)
4(879 874 948 953)
4(1027 1022 1012 1011)
4(953 948 1022 1027)
4(1101 1096 1086 1085)
4(1027 1022 1096 1101)
4(1175 1170 1160 1159)
4(1101 1096 1170 1175)
4(1249 1244 1234 1233)
4(1175 1170 1244 1249)
4(1323 1318 1308 1307)
4(1249 1244 1318 1323)
4(1397 1392 1382 1381)
4(1323 1318 1392 1397)
4(1471 1466 1456 1455)
4(1397 1392 1466 1471)
4(1545 1540 1530 1529)
4(1471 1466 1540 1545)
4(1619 1614 1604 1603)
4(1545 1540 1614 1619)
4(1693 1688 1678 1677)
4(1619 1614 1688 1693)
4(1693 1688 652 657)
4(731 728 727 726)
4(103 100 728 731)
4(805 802 801 800)
4(731 728 802 805)
4(879 876 875 874)
4(805 802 876 879)
4(953 950 949 948)
4(879 876 950 953)
4(1027 1024 1023 1022)
4(953 950 1024 1027)
4(1101 1098 1097 1096)
4(1027 1024 1098 1101)
4(1175 1172 1171 1170)
4(1101 1098 1172 1175)
4(1249 1246 1245 1244)
4(1175 1172 1246 1249)
4(1323 1320 1319 1318)
4(1249 1246 1320 1323)
4(1397 1394 1393 1392)
4(1323 1320 1394 1397)
4(1471 1468 1467 1466)
4(1397 1394 1468 1471)
4(1545 1542 1541 1540)
4(1471 1468 1542 1545)
4(1619 1616 1615 1614)
4(1545 1542 1616 1619)
4(1693 1690 1689 1688)
4(1619 1616 1690 1693)
4(1693 1690 654 657)
4(733 694 732 714)
4(66 104 732 694)
4(105 66 694 733)
4(807 768 806 788)
4(694 732 806 768)
4(733 694 768 807)
4(881 842 880 862)
4(768 806 880 842)
4(807 768 842 881)
4(955 916 954 936)
4(842 880 954 916)
4(881 842 916 955)
4(1029 990 1028 1010)
4(916 954 1028 990)
4(955 916 990 1029)
4(1103 1064 1102 1084)
4(990 1028 1102 1064)
4(1029 990 1064 1103)
4(1177 1138 1176 1158)
4(1064 1102 1176 1138)
4(1103 1064 1138 1177)
4(1251 1212 1250 1232)
4(1138 1176 1250 1212)
4(1177 1138 1212 1251)
4(1325 1286 1324 1306)
4(1212 1250 1324 1286)
4(1251 1212 1286 1325)
4(1399 1360 1398 1380)
4(1286 1324 1398 1360)
4(1325 1286 1360 1399)
4(1473 1434 1472 1454)
4(1360 1398 1472 1434)
4(1399 1360 1434 1473)
4(1547 1508 1546 1528)
4(1434 1472 1546 1508)
4(1473 1434 1508 1547)
4(1621 1582 1620 1602)
4(1508 1546 1620 1582)
4(1547 1508 1582 1621)
4(1695 1656 1694 1676)
4(1582 1620 1694 1656)
4(1621 1582 1656 1695)
4(1656 1694 658 620)
4(1695 1656 620 659)
4(694 665 664 732)
4(66 37 665 694)
4(768 739 738 806)
4(694 665 739 768)
4(842 813 812 880)
4(768 739 813 842)
4(916 887 886 954)
4(842 813 887 916)
4(990 961 960 1028)
4(916 887 961 990)
4(1064 1035 1034 1102)
4(990 961 1035 1064)
4(1138 1109 1108 1176)
4(1064 1035 1109 1138)
4(1212 1183 1182 1250)
4(1138 1109 1183 1212)
4(1286 1257 1256 1324)
4(1212 1183 1257 1286)
4(1360 1331 1330 1398)
4(1286 1257 1331 1360)
4(1434 1405 1404 1472)
4(1360 1331 1405 1434)
4(1508 1479 1478 1546)
4(1434 1405 1479 1508)
4(1582 1553 1552 1620)
4(1508 1479 1553 1582)
4(1656 1627 1626 1694)
4(1582 1553 1627 1656)
4(1656 1627 591 620)
4(665 694 733 666)
4(739 768 807 740)
4(813 842 881 814)
4(887 916 955 888)
4(961 990 1029 962)
4(1035 1064 1103 1036)
4(1109 1138 1177 1110)
4(1183 1212 1251 1184)
4(1257 1286 1325 1258)
4(1331 1360 1399 1332)
4(1405 1434 1473 1406)
4(1479 1508 1547 1480)
4(1553 1582 1621 1554)
4(1627 1656 1695 1628)
4(698 672 671 670)
4(70 44 672 698)
4(772 746 745 744)
4(698 672 746 772)
4(846 820 819 818)
4(772 746 820 846)
4(920 894 893 892)
4(846 820 894 920)
4(994 968 967 966)
4(920 894 968 994)
4(1068 1042 1041 1040)
4(994 968 1042 1068)
4(1142 1116 1115 1114)
4(1068 1042 1116 1142)
4(1216 1190 1189 1188)
4(1142 1116 1190 1216)
4(1290 1264 1263 1262)
4(1216 1190 1264 1290)
4(1364 1338 1337 1336)
4(1290 1264 1338 1364)
4(1438 1412 1411 1410)
4(1364 1338 1412 1438)
4(1512 1486 1485 1484)
4(1438 1412 1486 1512)
4(1586 1560 1559 1558)
4(1512 1486 1560 1586)
4(1660 1634 1633 1632)
4(1586 1560 1634 1660)
4(1660 1634 598 624)
4(672 698 699 673)
4(746 772 773 747)
4(820 846 847 821)
4(894 920 921 895)
4(968 994 995 969)
4(1042 1068 1069 1043)
4(1116 1142 1143 1117)
4(1190 1216 1217 1191)
4(1264 1290 1291 1265)
4(1338 1364 1365 1339)
4(1412 1438 1439 1413)
4(1486 1512 1513 1487)
4(1560 1586 1587 1561)
4(1634 1660 1661 1635)
4(720 704 703 702)
4(92 76 704 720)
4(794 778 777 776)
4(720 704 778 794)
4(868 852 851 850)
4(794 778 852 868)
4(942 926 925 924)
4(868 852 926 942)
4(1016 1000 999 998)
4(942 926 1000 1016)
4(1090 1074 1073 1072)
4(1016 1000 1074 1090)
4(1164 1148 1147 1146)
4(1090 1074 1148 1164)
4(1238 1222 1221 1220)
4(1164 1148 1222 1238)
4(1312 1296 1295 1294)
4(1238 1222 1296 1312)
4(1386 1370 1369 1368)
4(1312 1296 1370 1386)
4(1460 1444 1443 1442)
4(1386 1370 1444 1460)
4(1534 1518 1517 1516)
4(1460 1444 1518 1534)
4(1608 1592 1591 1590)
4(1534 1518 1592 1608)
4(1682 1666 1665 1664)
4(1608 1592 1666 1682)
4(1682 1666 630 646)
4(705 721 722 706)
4(77 93 721 705)
4(779 795 796 780)
4(705 721 795 779)
4(853 869 870 854)
4(779 795 869 853)
4(927 943 944 928)
4(853 869 943 927)
4(1001 1017 1018 1002)
4(927 943 1017 1001)
4(1075 1091 1092 1076)
4(1001 1017 1091 1075)
4(1149 1165 1166 1150)
4(1075 1091 1165 1149)
4(1223 1239 1240 1224)
4(1149 1165 1239 1223)
4(1297 1313 1314 1298)
4(1223 1239 1313 1297)
4(1371 1387 1388 1372)
4(1297 1313 1387 1371)
4(1445 1461 1462 1446)
4(1371 1387 1461 1445)
4(1519 1535 1536 1520)
4(1445 1461 1535 1519)
4(1593 1609 1610 1594)
4(1519 1535 1609 1593)
4(1667 1683 1684 1668)
4(1593 1609 1683 1667)
4(1667 1683 647 631)
4(721 705 704 720)
4(795 779 778 794)
4(869 853 852 868)
4(943 927 926 942)
4(1017 1001 1000 1016)
4(1091 1075 1074 1090)
4(1165 1149 1148 1164)
4(1239 1223 1222 1238)
4(1313 1297 1296 1312)
4(1387 1371 1370 1386)
4(1461 1445 1444 1460)
4(1535 1519 1518 1534)
4(1609 1593 1592 1608)
4(1683 1667 1666 1682)
4(710 709 708 724)
4(784 783 782 798)
4(858 857 856 872)
4(932 931 930 946)
4(1006 1005 1004 1020)
4(1080 1079 1078 1094)
4(1154 1153 1152 1168)
4(1228 1227 1226 1242)
4(1302 1301 1300 1316)
4(1376 1375 1374 1390)
4(1450 1449 1448 1464)
4(1524 1523 1522 1538)
4(1598 1597 1596 1612)
4(1672 1671 1670 1686)
4(725 729 728 731)
4(799 803 802 805)
4(873 877 876 879)
4(947 951 950 953)
4(1021 1025 1024 1027)
4(1095 1099 1098 1101)
4(1169 1173 1172 1175)
4(1243 1247 1246 1249)
4(1317 1321 1320 1323)
4(1391 1395 1394 1397)
4(1465 1469 1468 1471)
4(1539 1543 1542 1545)
4(1613 1617 1616 1619)
4(1687 1691 1690 1693)
4(0 1 33 32)
4(33 1 2 34)
4(34 2 3 35)
4(35 3 4 36)
4(36 4 5 37)
4(37 5 6 38)
4(38 6 7 39)
4(39 7 8 40)
4(40 8 9 41)
4(41 9 10 42)
4(42 10 11 43)
4(43 11 12 44)
4(44 12 13 45)
4(45 13 14 46)
4(46 14 15 47)
4(47 15 16 48)
4(48 16 17 49)
4(49 17 18 50)
4(50 18 19 51)
4(51 19 20 52)
4(52 20 21 53)
4(53 21 22 54)
4(54 22 23 55)
4(55 23 24 56)
4(56 24 25 57)
4(57 25 26 58)
4(58 26 27 59)
4(59 27 28 60)
4(60 28 29 61)
4(61 29 30 62)
4(62 30 31 63)
4(63 31 0 32)
4(34 35 65 64)
4(65 35 36 104)
4(38 39 67 105)
4(67 39 40 68)
4(68 40 41 69)
4(69 41 42 70)
4(45 46 72 71)
4(72 46 47 73)
4(73 47 48 74)
4(74 48 49 75)
4(75 49 50 51)
4(75 51 52 76)
4(76 52 53 77)
4(77 53 54 78)
4(78 54 55 79)
4(79 55 56 57)
4(79 57 58 80)
4(80 58 59 81)
4(81 59 60 82)
4(82 60 61 83)
4(83 61 62 84)
4(84 62 63 32)
4(84 32 33 85)
4(85 33 34 64)
4(105 67 87 86)
4(87 67 68 88)
4(88 68 69 89)
4(71 89 69 70)
4(89 71 72 90)
4(90 72 73 91)
4(91 73 74 92)
4(78 79 95 94)
4(95 79 80 96)
4(82 83 102 96)
4(102 83 84 85)
4(102 85 64 101)
4(101 64 65 97)
4(97 65 104 86)
4(88 89 90 98)
4(98 90 91 99)
4(93 99 91 92)
4(94 100 99 93)
4(100 94 95 101)
4(96 102 101 95)
4(97 86 87 103)
4(103 87 88 98)
4(103 98 99 100)
4(105 86 104 66)
4(66 104 36 37)
4(37 38 105 66)
4(70 42 43 44)
4(44 45 71 70)
4(92 74 75 76)
4(77 78 94 93)
4(93 92 76 77)
4(82 96 80 81)
4(97 103 100 101)
4(106 586 587 107)
4(587 588 108 107)
4(588 589 109 108)
4(589 590 110 109)
4(590 591 111 110)
4(591 592 112 111)
4(592 593 113 112)
4(593 594 114 113)
4(594 595 115 114)
4(595 596 116 115)
4(596 597 117 116)
4(597 598 118 117)
4(598 599 119 118)
4(599 600 120 119)
4(600 601 121 120)
4(601 602 122 121)
4(602 603 123 122)
4(603 604 124 123)
4(604 605 125 124)
4(605 606 126 125)
4(606 607 127 126)
4(607 608 128 127)
4(608 609 129 128)
4(609 610 130 129)
4(610 611 131 130)
4(611 612 132 131)
4(612 613 133 132)
4(613 614 134 133)
4(614 615 135 134)
4(615 616 136 135)
4(616 617 137 136)
4(617 586 106 137)
4(588 618 619 589)
4(619 658 590 589)
4(592 659 621 593)
4(621 622 594 593)
4(622 623 595 594)
4(623 624 596 595)
4(599 625 626 600)
4(626 627 601 600)
4(627 628 602 601)
4(628 629 603 602)
4(629 605 604 603)
4(629 630 606 605)
4(630 631 607 606)
4(631 632 608 607)
4(632 633 609 608)
4(633 611 610 609)
4(633 634 612 611)
4(634 635 613 612)
4(635 636 614 613)
4(636 637 615 614)
4(637 638 616 615)
4(638 586 617 616)
4(638 639 587 586)
4(639 618 588 587)
4(659 640 641 621)
4(641 642 622 621)
4(642 643 623 622)
4(625 624 623 643)
4(643 644 626 625)
4(644 645 627 626)
4(645 646 628 627)
4(632 648 649 633)
4(649 650 634 633)
4(636 650 656 637)
4(656 639 638 637)
4(656 655 618 639)
4(655 651 619 618)
4(651 640 658 619)
4(642 652 644 643)
4(652 653 645 644)
4(647 646 645 653)
4(648 647 653 654)
4(654 655 649 648)
4(650 649 655 656)
4(651 657 641 640)
4(657 652 642 641)
4(657 654 653 652)
4(659 620 658 640)
4(620 591 590 658)
4(591 620 659 592)
4(624 598 597 596)
4(598 624 625 599)
4(646 630 629 628)
4(631 647 648 632)
4(647 631 630 646)
4(636 635 634 650)
4(651 655 654 657)
4(0 138 585 1)
4(138 139 554 585)
4(139 140 523 554)
4(140 141 492 523)
4(141 142 461 492)
4(142 143 430 461)
4(143 144 399 430)
4(144 145 368 399)
4(145 146 337 368)
4(146 147 306 337)
4(147 148 275 306)
4(148 149 244 275)
4(149 150 213 244)
4(150 151 182 213)
4(151 106 107 182)
4(1 585 584 2)
4(585 554 553 584)
4(554 523 522 553)
4(523 492 491 522)
4(492 461 460 491)
4(461 430 429 460)
4(430 399 398 429)
4(399 368 367 398)
4(368 337 336 367)
4(337 306 305 336)
4(306 275 274 305)
4(275 244 243 274)
4(244 213 212 243)
4(213 182 181 212)
4(182 107 108 181)
4(2 584 583 3)
4(584 553 552 583)
4(553 522 521 552)
4(522 491 490 521)
4(491 460 459 490)
4(460 429 428 459)
4(429 398 397 428)
4(398 367 366 397)
4(367 336 335 366)
4(336 305 304 335)
4(305 274 273 304)
4(274 243 242 273)
4(243 212 211 242)
4(212 181 180 211)
4(181 108 109 180)
4(3 583 582 4)
4(583 552 551 582)
4(552 521 520 551)
4(521 490 489 520)
4(490 459 458 489)
4(459 428 427 458)
4(428 397 396 427)
4(397 366 365 396)
4(366 335 334 365)
4(335 304 303 334)
4(304 273 272 303)
4(273 242 241 272)
4(242 211 210 241)
4(211 180 179 210)
4(180 109 110 179)
4(4 582 581 5)
4(582 551 550 581)
4(551 520 519 550)
4(520 489 488 519)
4(489 458 457 488)
4(458 427 426 457)
4(427 396 395 426)
4(396 365 364 395)
4(365 334 333 364)
4(334 303 302 333)
4(303 272 271 302)
4(272 241 240 271)
4(241 210 209 240)
4(210 179 178 209)
4(179 110 111 178)
4(5 581 580 6)
4(581 550 549 580)
4(550 519 518 549)
4(519 488 487 518)
4(488 457 456 487)
4(457 426 425 456)
4(426 395 394 425)
4(395 364 363 394)
4(364 333 332 363)
4(333 302 301 332)
4(302 271 270 301)
4(271 240 239 270)
4(240 209 208 239)
4(209 178 177 208)
4(178 111 112 177)
4(6 580 579 7)
4(580 549 548 579)
4(549 518 517 548)
4(518 487 486 517)
4(487 456 455 486)
4(456 425 424 455)
4(425 394 393 424)
4(394 363 362 393)
4(363 332 331 362)
4(332 301 300 331)
4(301 270 269 300)
4(270 239 238 269)
4(239 208 207 238)
4(208 177 176 207)
4(177 112 113 176)
4(7 579 578 8)
4(579 548 547 578)
4(548 517 516 547)
4(517 486 485 516)
4(486 455 454 485)
4(455 424 423 454)
4(424 393 392 423)
4(393 362 361 392)
4(362 331 330 361)
4(331 300 299 330)
4(300 269 268 299)
4(269 238 237 268)
4(238 207 206 237)
4(207 176 175 206)
4(176 113 114 175)
4(8 578 577 9)
4(578 547 546 577)
4(547 516 515 546)
4(516 485 484 515)
4(485 454 453 484)
4(454 423 422 453)
4(423 392 391 422)
4(392 361 360 391)
4(361 330 329 360)
4(330 299 298 329)
4(299 268 267 298)
4(268 237 236 267)
4(237 206 205 236)
4(206 175 174 205)
4(175 114 115 174)
4(9 577 576 10)
4(577 546 545 576)
4(546 515 514 545)
4(515 484 483 514)
4(484 453 452 483)
4(453 422 421 452)
4(422 391 390 421)
4(391 360 359 390)
4(360 329 328 359)
4(329 298 297 328)
4(298 267 266 297)
4(267 236 235 266)
4(236 205 204 235)
4(205 174 173 204)
4(174 115 116 173)
4(10 576 575 11)
4(576 545 544 575)
4(545 514 513 544)
4(514 483 482 513)
4(483 452 451 482)
4(452 421 420 451)
4(421 390 389 420)
4(390 359 358 389)
4(359 328 327 358)
4(328 297 296 327)
4(297 266 265 296)
4(266 235 234 265)
4(235 204 203 234)
4(204 173 172 203)
4(173 116 117 172)
4(11 575 574 12)
4(575 544 543 574)
4(544 513 512 543)
4(513 482 481 512)
4(482 451 450 481)
4(451 420 419 450)
4(420 389 388 419)
4(389 358 357 388)
4(358 327 326 357)
4(327 296 295 326)
4(296 265 264 295)
4(265 234 233 264)
4(234 203 202 233)
4(203 172 171 202)
4(172 117 118 171)
4(12 574 573 13)
4(574 543 542 573)
4(543 512 511 542)
4(512 481 480 511)
4(481 450 449 480)
4(450 419 418 449)
4(419 388 387 418)
4(388 357 356 387)
4(357 326 325 356)
4(326 295 294 325)
4(295 264 263 294)
4(264 233 232 263)
4(233 202 201 232)
4(202 171 170 201)
4(171 118 119 170)
4(13 573 572 14)
4(573 542 541 572)
4(542 511 510 541)
4(511 480 479 510)
4(480 449 448 479)
4(449 418 417 448)
4(418 387 386 417)
4(387 356 355 386)
4(356 325 324 355)
4(325 294 293 324)
4(294 263 262 293)
4(263 232 231 262)
4(232 201 200 231)
4(201 170 169 200)
4(170 119 120 169)
4(14 572 571 15)
4(572 541 540 571)
4(541 510 509 540)
4(510 479 478 509)
4(479 448 447 478)
4(448 417 416 447)
4(417 386 385 416)
4(386 355 354 385)
4(355 324 323 354)
4(324 293 292 323)
4(293 262 261 292)
4(262 231 230 261)
4(231 200 199 230)
4(200 169 168 199)
4(169 120 121 168)
4(15 571 570 16)
4(571 540 539 570)
4(540 509 508 539)
4(509 478 477 508)
4(478 447 446 477)
4(447 416 415 446)
4(416 385 384 415)
4(385 354 353 384)
4(354 323 322 353)
4(323 292 291 322)
4(292 261 260 291)
4(261 230 229 260)
4(230 199 198 229)
4(199 168 167 198)
4(168 121 122 167)
4(16 570 569 17)
4(570 539 538 569)
4(539 508 507 538)
4(508 477 476 507)
4(477 446 445 476)
4(446 415 414 445)
4(415 384 383 414)
4(384 353 352 383)
4(353 322 321 352)
4(322 291 290 321)
4(291 260 259 290)
4(260 229 228 259)
4(229 198 197 228)
4(198 167 166 197)
4(167 122 123 166)
4(17 569 568 18)
4(569 538 537 568)
4(538 507 506 537)
4(507 476 475 506)
4(476 445 444 475)
4(445 414 413 444)
4(414 383 382 413)
4(383 352 351 382)
4(352 321 320 351)
4(321 290 289 320)
4(290 259 258 289)
4(259 228 227 258)
4(228 197 196 227)
4(197 166 165 196)
4(166 123 124 165)
4(18 568 567 19)
4(568 537 536 567)
4(537 506 505 536)
4(506 475 474 505)
4(475 444 443 474)
4(444 413 412 443)
4(413 382 381 412)
4(382 351 350 381)
4(351 320 319 350)
4(320 289 288 319)
4(289 258 257 288)
4(258 227 226 257)
4(227 196 195 226)
4(196 165 164 195)
4(165 124 125 164)
4(19 567 566 20)
4(567 536 535 566)
4(536 505 504 535)
4(505 474 473 504)
4(474 443 442 473)
4(443 412 411 442)
4(412 381 380 411)
4(381 350 349 380)
4(350 319 318 349)
4(319 288 287 318)
4(288 257 256 287)
4(257 226 225 256)
4(226 195 194 225)
4(195 164 163 194)
4(164 125 126 163)
4(20 566 565 21)
4(566 535 534 565)
4(535 504 503 534)
4(504 473 472 503)
4(473 442 441 472)
4(442 411 410 441)
4(411 380 379 410)
4(380 349 348 379)
4(349 318 317 348)
4(318 287 286 317)
4(287 256 255 286)
4(256 225 224 255)
4(225 194 193 224)
4(194 163 162 193)
4(163 126 127 162)
4(21 565 564 22)
4(565 534 533 564)
4(534 503 502 533)
4(503 472 471 502)
4(472 441 440 471)
4(441 410 409 440)
4(410 379 378 409)
4(379 348 347 378)
4(348 317 316 347)
4(317 286 285 316)
4(286 255 254 285)
4(255 224 223 254)
4(224 193 192 223)
4(193 162 161 192)
4(162 127 128 161)
4(22 564 563 23)
4(564 533 532 563)
4(533 502 501 532)
4(502 471 470 501)
4(471 440 439 470)
4(440 409 408 439)
4(409 378 377 408)
4(378 347 346 377)
4(347 316 315 346)
4(316 285 284 315)
4(285 254 253 284)
4(254 223 222 253)
4(223 192 191 222)
4(192 161 160 191)
4(161 128 129 160)
4(23 563 562 24)
4(563 532 531 562)
4(532 501 500 531)
4(501 470 469 500)
4(470 439 438 469)
4(439 408 407 438)
4(408 377 376 407)
4(377 346 345 376)
4(346 315 314 345)
4(315 284 283 314)
4(284 253 252 283)
4(253 222 221 252)
4(222 191 190 221)
4(191 160 159 190)
4(160 129 130 159)
4(24 562 561 25)
4(562 531 530 561)
4(531 500 499 530)
4(500 469 468 499)
4(469 438 437 468)
4(438 407 406 437)
4(407 376 375 406)
4(376 345 344 375)
4(345 314 313 344)
4(314 283 282 313)
4(283 252 251 282)
4(252 221 220 251)
4(221 190 189 220)
4(190 159 158 189)
4(159 130 131 158)
4(25 561 560 26)
4(561 530 529 560)
4(530 499 498 529)
4(499 468 467 498)
4(468 437 436 467)
4(437 406 405 436)
4(406 375 374 405)
4(375 344 343 374)
4(344 313 312 343)
4(313 282 281 312)
4(282 251 250 281)
4(251 220 219 250)
4(220 189 188 219)
4(189 158 157 188)
4(158 131 132 157)
4(26 560 559 27)
4(560 529 528 559)
4(529 498 497 528)
4(498 467 466 497)
4(467 436 435 466)
4(436 405 404 435)
4(405 374 373 404)
4(374 343 342 373)
4(343 312 311 342)
4(312 281 280 311)
4(281 250 249 280)
4(250 219 218 249)
4(219 188 187 218)
4(188 157 156 187)
4(157 132 133 156)
4(27 559 558 28)
4(559 528 527 558)
4(528 497 496 527)
4(497 466 465 496)
4(466 435 434 465)
4(435 404 403 434)
4(404 373 372 403)
4(373 342 341 372)
4(342 311 310 341)
4(311 280 279 310)
4(280 249 248 279)
4(249 218 217 248)
4(218 187 186 217)
4(187 156 155 186)
4(156 133 134 155)
4(28 558 557 29)
4(558 527 526 557)
4(527 496 495 526)
4(496 465 464 495)
4(465 434 433 464)
4(434 403 402 433)
4(403 372 371 402)
4(372 341 340 371)
4(341 310 309 340)
4(310 279 278 309)
4(279 248 247 278)
4(248 217 216 247)
4(217 186 185 216)
4(186 155 154 185)
4(155 134 135 154)
4(29 557 556 30)
4(557 526 525 556)
4(526 495 494 525)
4(495 464 463 494)
4(464 433 432 463)
4(433 402 401 432)
4(402 371 370 401)
4(371 340 339 370)
4(340 309 308 339)
4(309 278 277 308)
4(278 247 246 277)
4(247 216 215 246)
4(216 185 184 215)
4(185 154 153 184)
4(154 135 136 153)
4(30 556 555 31)
4(556 525 524 555)
4(525 494 493 524)
4(494 463 462 493)
4(463 432 431 462)
4(432 401 400 431)
4(401 370 369 400)
4(370 339 338 369)
4(339 308 307 338)
4(308 277 276 307)
4(277 246 245 276)
4(246 215 214 245)
4(215 184 183 214)
4(184 153 152 183)
4(153 136 137 152)
4(31 555 138 0)
4(555 524 139 138)
4(524 493 140 139)
4(493 462 141 140)
4(462 431 142 141)
4(431 400 143 142)
4(400 369 144 143)
4(369 338 145 144)
4(338 307 146 145)
4(307 276 147 146)
4(276 245 148 147)
4(245 214 149 148)
4(214 183 150 149)
4(183 152 151 150)
4(152 137 106 151)
)

// ************************************************************************* //
