/*--------------------------------*- C++ -*----------------------------------*\
| =========                 |                                                 |
| \\      /  F ield         | foam-extend: Open Source CFD                    |
|  \\    /   O peration     | Version:     3.2                                |
|   \\  /    A nd           | Web:         http://www.foam-extend.org         |
|    \\/     M anipulation  |                                                 |
\*---------------------------------------------------------------------------*/
FoamFile
{
    version     2.0;
    format      ascii;
    class       vectorField;
    location    "constant/polyMesh";
    object      points;
}
// * * * * * * * * * * * * * * * * * * * * * * * * * * * * * * * * * * * * * //

1696
(
(1 0 0)
(0.9807852804 -0.195090322 0)
(0.9238795325 -0.3826834324 0)
(0.8314696123 -0.555570233 0)
(0.7071067812 -0.7071067812 0)
(0.555570233 -0.8314696123 0)
(0.3826834324 -0.9238795325 0)
(0.195090322 -0.9807852804 0)
(6.123233996e-17 -1 0)
(-0.195090322 -0.9807852804 0)
(-0.3826834324 -0.9238795325 0)
(-0.555570233 -0.8314696123 0)
(-0.7071067812 -0.7071067812 0)
(-0.8314696123 -0.555570233 0)
(-0.9238795325 -0.3826834324 0)
(-0.9807852804 -0.195090322 0)
(-1 -1.224646799e-16 0)
(-0.9807852804 0.195090322 0)
(-0.9238795325 0.3826834324 0)
(-0.8314696123 0.555570233 0)
(-0.7071067812 0.7071067812 0)
(-0.555570233 0.8314696123 0)
(-0.3826834324 0.9238795325 0)
(-0.195090322 0.9807852804 0)
(-1.836970199e-16 1 0)
(0.195090322 0.9807852804 0)
(0.3826834324 0.9238795325 0)
(0.555570233 0.8314696123 0)
(0.7071067812 0.7071067812 0)
(0.8314696123 0.555570233 0)
(0.9238795325 0.3826834324 0)
(0.9807852804 0.195090322 0)
(0.8264291763 0.0681262442 0)
(0.7731511484 -0.08374045089 0)
(0.709673724 -0.2486607734 0)
(0.6366597893 -0.4110237222 0)
(0.5482878635 -0.5543443233 0)
(0.441537451 -0.6657402104 0)
(0.3008972658 -0.7299566683 0)
(0.1375988489 -0.7670138477 0)
(-0.03737702111 -0.7823395447 0)
(-0.2130274793 -0.7783724522 0)
(-0.3753121505 -0.7612640186 0)
(-0.4993199891 -0.7478835276 0)
(-0.5590626226 -0.6383813121 0)
(-0.6378459687 -0.4937304322 0)
(-0.7103486132 -0.3274775276 0)
(-0.7647054905 -0.1485481408 0)
(-0.7981212948 0.03373512193 0)
(-0.813898651 0.2048590949 0)
(-0.8233890578 0.3362336717 0)
(-0.7237732164 0.413538984 0)
(-0.5935556895 0.5141284608 0)
(-0.4418642716 0.6138506831 0)
(-0.2766967174 0.7034882771 0)
(-0.113544061 0.7837982378 0)
(0.008949028357 0.8624581293 0)
(0.1447517958 0.7973201527 0)
(0.3119125701 0.7417795422 0)
(0.4617779033 0.6789077905 0)
(0.5814961108 0.5694166097 0)
(0.692786556 0.4333299594 0)
(0.7930143455 0.2931034848 0)
(0.8709385973 0.1837434249 0)
(0.5147045142 -0.1250804116 0)
(0.4591144662 -0.3031472371 0)
(0.3650755517 -0.5614544917 0)
(0.09681580825 -0.5844604307 0)
(-0.07313542895 -0.5944952556 0)
(-0.245167842 -0.6022976479 0)
(-0.4093166522 -0.6124862058 0)
(-0.4634197854 -0.453892639 0)
(-0.5218032506 -0.2822057071 0)
(-0.5751904165 -0.1010762972 0)
(-0.6218137237 0.08230073685 0)
(-0.6665340192 0.257683295 0)
(-0.5127331583 0.3306710045 0)
(-0.3454041127 0.4107055662 0)
(-0.1608562888 0.4944574708 0)
(0.05025951202 0.5955742295 0)
(0.2684160777 0.5709241332 0)
(0.3993353288 0.5707686043 0)
(0.4682218852 0.4606773 0)
(0.5713697132 0.3173649602 0)
(0.6948121205 0.1783688852 0)
(0.6011147441 0.0386608768 0)
(0.2504306614 -0.4153443224 0)
(0.0737654805 -0.4047346896 0)
(-0.1084810869 -0.4109294345 0)
(-0.288346659 -0.4275163944 0)
(-0.3378673716 -0.2446766539 0)
(-0.3909623136 -0.05368967163 0)
(-0.4483337709 0.1403300226 0)
(-0.2667834739 0.2011894439 0)
(-0.07131337447 0.2615033845 0)
(0.135520551 0.3207078388 0)
(0.3237821302 0.3865117125 0)
(0.2611618956 -0.2267590162 0)
(-0.1482362419 -0.2170885088 0)
(-0.1986663517 -0.01072606658 0)
(0.01275501217 0.02262849526 0)
(0.271036969 0.03394578088 0)
(0.4387092374 0.1944449207 0)
(0.0524867401 -0.206293008 0)
(0.4088393004 -0.4549021142 0)
(0.2498560097 -0.5742002739 0)
(1 0 2.5)
(0.9807852804 -0.195090322 2.5)
(0.9238795325 -0.3826834324 2.5)
(0.8314696123 -0.555570233 2.5)
(0.7071067812 -0.7071067812 2.5)
(0.555570233 -0.8314696123 2.5)
(0.3826834324 -0.9238795325 2.5)
(0.195090322 -0.9807852804 2.5)
(-3.828568699e-16 -1 2.5)
(-0.195090322 -0.9807852804 2.5)
(-0.3826834324 -0.9238795325 2.5)
(-0.555570233 -0.8314696123 2.5)
(-0.7071067812 -0.7071067812 2.5)
(-0.8314696123 -0.555570233 2.5)
(-0.9238795325 -0.3826834324 2.5)
(-0.9807852804 -0.195090322 2.5)
(-1 -1.224646799e-16 2.5)
(-0.9807852804 0.195090322 2.5)
(-0.9238795325 0.3826834324 2.5)
(-0.8314696123 0.555570233 2.5)
(-0.7071067812 0.7071067812 2.5)
(-0.555570233 0.8314696123 2.5)
(-0.3826834324 0.9238795325 2.5)
(-0.195090322 0.9807852804 2.5)
(7.044813998e-16 1 2.5)
(0.195090322 0.9807852804 2.5)
(0.3826834324 0.9238795325 2.5)
(0.555570233 0.8314696123 2.5)
(0.7071067812 0.7071067812 2.5)
(0.8314696123 0.555570233 2.5)
(0.9238795325 0.3826834324 2.5)
(0.9807852804 0.195090322 2.5)
(1 0 0.1666666667)
(1 0 0.3333333333)
(1 0 0.5)
(1 0 0.6666666667)
(1 0 0.8333333333)
(1 0 1)
(1 0 1.166666667)
(1 0 1.333333333)
(1 0 1.5)
(1 0 1.666666667)
(1 0 1.833333333)
(1 0 2)
(1 0 2.166666667)
(1 0 2.333333333)
(0.9807028255 0.1955043941 2.333333333)
(0.9238795325 0.3826834324 2.333333333)
(0.831704101 0.5552191354 2.333333333)
(0.7071067812 0.7071067812 2.333333333)
(0.5552191354 0.831704101 2.333333333)
(0.3826834324 0.9238795325 2.333333333)
(0.1955043941 0.9807028255 2.333333333)
(7.920354024e-16 1 2.333333333)
(-0.1955043941 0.9807028255 2.333333333)
(-0.3826834324 0.9238795325 2.333333333)
(-0.5552191354 0.831704101 2.333333333)
(-0.7071067812 0.7071067812 2.333333333)
(-0.831704101 0.5552191354 2.333333333)
(-0.9238795325 0.3826834324 2.333333333)
(-0.9807028255 0.1955043941 2.333333333)
(-1 -1.224646799e-16 2.333333333)
(-0.9807028255 -0.1955043941 2.333333333)
(-0.9238795325 -0.3826834324 2.333333333)
(-0.831704101 -0.5552191354 2.333333333)
(-0.7071067812 -0.7071067812 2.333333333)
(-0.5552191354 -0.831704101 2.333333333)
(-0.3826834324 -0.9238795325 2.333333333)
(-0.1955043941 -0.9807028255 2.333333333)
(-2.990664954e-16 -1 2.333333333)
(0.1955043941 -0.9807028255 2.333333333)
(0.3826834324 -0.9238795325 2.333333333)
(0.5552191354 -0.831704101 2.333333333)
(0.7071067812 -0.7071067812 2.333333333)
(0.831704101 -0.5552191354 2.333333333)
(0.9238795325 -0.3826834324 2.333333333)
(0.9807028255 -0.1955043941 2.333333333)
(0.9807028255 0.1955043941 2.166666667)
(0.9238795325 0.3826834324 2.166666667)
(0.831704101 0.5552191354 2.166666667)
(0.7071067812 0.7071067812 2.166666667)
(0.5552191354 0.831704101 2.166666667)
(0.3826834324 0.9238795325 2.166666667)
(0.1955043941 0.9807028255 2.166666667)
(5.504578113e-16 1 2.166666667)
(-0.1955043941 0.9807028255 2.166666667)
(-0.3826834324 0.9238795325 2.166666667)
(-0.5552191354 0.831704101 2.166666667)
(-0.7071067812 0.7071067812 2.166666667)
(-0.831704101 0.5552191354 2.166666667)
(-0.9238795325 0.3826834324 2.166666667)
(-0.9807028255 0.1955043941 2.166666667)
(-1 -1.224646799e-16 2.166666667)
(-0.9807028255 -0.1955043941 2.166666667)
(-0.9238795325 -0.3826834324 2.166666667)
(-0.831704101 -0.5552191354 2.166666667)
(-0.7071067812 -0.7071067812 2.166666667)
(-0.5552191354 -0.831704101 2.166666667)
(-0.3826834324 -0.9238795325 2.166666667)
(-0.1955043941 -0.9807028255 2.166666667)
(-2.717837939e-16 -1 2.166666667)
(0.1955043941 -0.9807028255 2.166666667)
(0.3826834324 -0.9238795325 2.166666667)
(0.5552191354 -0.831704101 2.166666667)
(0.7071067812 -0.7071067812 2.166666667)
(0.831704101 -0.5552191354 2.166666667)
(0.9238795325 -0.3826834324 2.166666667)
(0.9807028255 -0.1955043941 2.166666667)
(0.9807028255 0.1955043941 2)
(0.9238795325 0.3826834324 2)
(0.831704101 0.5552191354 2)
(0.7071067812 0.7071067812 2)
(0.5552191354 0.831704101 2)
(0.3826834324 0.9238795325 2)
(0.1955043941 0.9807028255 2)
(5.373728449e-16 1 2)
(-0.1955043941 0.9807028255 2)
(-0.3826834324 0.9238795325 2)
(-0.5552191354 0.831704101 2)
(-0.7071067812 0.7071067812 2)
(-0.831704101 0.5552191354 2)
(-0.9238795325 0.3826834324 2)
(-0.9807028255 0.1955043941 2)
(-1 -1.224646799e-16 2)
(-0.9807028255 -0.1955043941 2)
(-0.9238795325 -0.3826834324 2)
(-0.831704101 -0.5552191354 2)
(-0.7071067812 -0.7071067812 2)
(-0.5552191354 -0.831704101 2)
(-0.3826834324 -0.9238795325 2)
(-0.1955043941 -0.9807028255 2)
(-2.717837939e-16 -1 2)
(0.1955043941 -0.9807028255 2)
(0.3826834324 -0.9238795325 2)
(0.5552191354 -0.831704101 2)
(0.7071067812 -0.7071067812 2)
(0.831704101 -0.5552191354 2)
(0.9238795325 -0.3826834324 2)
(0.9807028255 -0.1955043941 2)
(0.9807028255 0.1955043941 1.833333333)
(0.9238795325 0.3826834324 1.833333333)
(0.831704101 0.5552191354 1.833333333)
(0.7071067812 0.7071067812 1.833333333)
(0.5552191354 0.831704101 1.833333333)
(0.3826834324 0.9238795325 1.833333333)
(0.1955043941 0.9807028255 1.833333333)
(5.038258525e-16 1 1.833333333)
(-0.1955043941 0.9807028255 1.833333333)
(-0.3826834324 0.9238795325 1.833333333)
(-0.5552191354 0.831704101 1.833333333)
(-0.7071067812 0.7071067812 1.833333333)
(-0.831704101 0.5552191354 1.833333333)
(-0.9238795325 0.3826834324 1.833333333)
(-0.9807028255 0.1955043941 1.833333333)
(-1 -1.224646799e-16 1.833333333)
(-0.9807028255 -0.1955043941 1.833333333)
(-0.9238795325 -0.3826834324 1.833333333)
(-0.831704101 -0.5552191354 1.833333333)
(-0.7071067812 -0.7071067812 1.833333333)
(-0.5552191354 -0.831704101 1.833333333)
(-0.3826834324 -0.9238795325 1.833333333)
(-0.1955043941 -0.9807028255 1.833333333)
(-2.17218391e-16 -1 1.833333333)
(0.1955043941 -0.9807028255 1.833333333)
(0.3826834324 -0.9238795325 1.833333333)
(0.5552191354 -0.831704101 1.833333333)
(0.7071067812 -0.7071067812 1.833333333)
(0.831704101 -0.5552191354 1.833333333)
(0.9238795325 -0.3826834324 1.833333333)
(0.9807028255 -0.1955043941 1.833333333)
(0.9807028255 0.1955043941 1.666666667)
(0.9238795325 0.3826834324 1.666666667)
(0.831704101 0.5552191354 1.666666667)
(0.7071067812 0.7071067812 1.666666667)
(0.5552191354 0.831704101 1.666666667)
(0.3826834324 0.9238795325 1.666666667)
(0.1955043941 0.9807028255 1.666666667)
(5.043822368e-16 1 1.666666667)
(-0.1955043941 0.9807028255 1.666666667)
(-0.3826834324 0.9238795325 1.666666667)
(-0.5552191354 0.831704101 1.666666667)
(-0.7071067812 0.7071067812 1.666666667)
(-0.831704101 0.5552191354 1.666666667)
(-0.9238795325 0.3826834324 1.666666667)
(-0.9807028255 0.1955043941 1.666666667)
(-1 -1.224646799e-16 1.666666667)
(-0.9807028255 -0.1955043941 1.666666667)
(-0.9238795325 -0.3826834324 1.666666667)
(-0.831704101 -0.5552191354 1.666666667)
(-0.7071067812 -0.7071067812 1.666666667)
(-0.5552191354 -0.831704101 1.666666667)
(-0.3826834324 -0.9238795325 1.666666667)
(-0.1955043941 -0.9807028255 1.666666667)
(-1.080875852e-16 -1 1.666666667)
(0.1955043941 -0.9807028255 1.666666667)
(0.3826834324 -0.9238795325 1.666666667)
(0.5552191354 -0.831704101 1.666666667)
(0.7071067812 -0.7071067812 1.666666667)
(0.831704101 -0.5552191354 1.666666667)
(0.9238795325 -0.3826834324 1.666666667)
(0.9807028255 -0.1955043941 1.666666667)
(0.9807028255 0.1955043941 1.5)
(0.9238795325 0.3826834324 1.5)
(0.831704101 0.5552191354 1.5)
(0.7071067812 0.7071067812 1.5)
(0.5552191354 0.831704101 1.5)
(0.3826834324 0.9238795325 1.5)
(0.1955043941 0.9807028255 1.5)
(4.503732183e-16 1 1.5)
(-0.1955043941 0.9807028255 1.5)
(-0.3826834324 0.9238795325 1.5)
(-0.5552191354 0.831704101 1.5)
(-0.7071067812 0.7071067812 1.5)
(-0.831704101 0.5552191354 1.5)
(-0.9238795325 0.3826834324 1.5)
(-0.9807028255 0.1955043941 1.5)
(-1 -1.224646799e-16 1.5)
(-0.9807028255 -0.1955043941 1.5)
(-0.9238795325 -0.3826834324 1.5)
(-0.831704101 -0.5552191354 1.5)
(-0.7071067812 -0.7071067812 1.5)
(-0.5552191354 -0.831704101 1.5)
(-0.3826834324 -0.9238795325 1.5)
(-0.1955043941 -0.9807028255 1.5)
(-1.626529881e-16 -1 1.5)
(0.1955043941 -0.9807028255 1.5)
(0.3826834324 -0.9238795325 1.5)
(0.5552191354 -0.831704101 1.5)
(0.7071067812 -0.7071067812 1.5)
(0.831704101 -0.5552191354 1.5)
(0.9238795325 -0.3826834324 1.5)
(0.9807028255 -0.1955043941 1.5)
(0.9807028255 0.1955043941 1.333333333)
(0.9238795325 0.3826834324 1.333333333)
(0.831704101 0.5552191354 1.333333333)
(0.7071067812 0.7071067812 1.333333333)
(0.5552191354 0.831704101 1.333333333)
(0.3826834324 0.9238795325 1.333333333)
(0.1955043941 0.9807028255 1.333333333)
(4.100055505e-16 1 1.333333333)
(-0.1955043941 0.9807028255 1.333333333)
(-0.3826834324 0.9238795325 1.333333333)
(-0.5552191354 0.831704101 1.333333333)
(-0.7071067812 0.7071067812 1.333333333)
(-0.831704101 0.5552191354 1.333333333)
(-0.9238795325 0.3826834324 1.333333333)
(-0.9807028255 0.1955043941 1.333333333)
(-1 -1.224646799e-16 1.333333333)
(-0.9807028255 -0.1955043941 1.333333333)
(-0.9238795325 -0.3826834324 1.333333333)
(-0.831704101 -0.5552191354 1.333333333)
(-0.7071067812 -0.7071067812 1.333333333)
(-0.5552191354 -0.831704101 1.333333333)
(-0.3826834324 -0.9238795325 1.333333333)
(-0.1955043941 -0.9807028255 1.333333333)
(-2.717837939e-16 -1 1.333333333)
(0.1955043941 -0.9807028255 1.333333333)
(0.3826834324 -0.9238795325 1.333333333)
(0.5552191354 -0.831704101 1.333333333)
(0.7071067812 -0.7071067812 1.333333333)
(0.831704101 -0.5552191354 1.333333333)
(0.9238795325 -0.3826834324 1.333333333)
(0.9807028255 -0.1955043941 1.333333333)
(0.9807028255 0.1955043941 1.166666667)
(0.9238795325 0.3826834324 1.166666667)
(0.831704101 0.5552191354 1.166666667)
(0.7071067812 0.7071067812 1.166666667)
(0.5552191354 0.831704101 1.166666667)
(0.3826834324 0.9238795325 1.166666667)
(0.1955043941 0.9807028255 1.166666667)
(1.904349032e-16 1 1.166666667)
(-0.1955043941 0.9807028255 1.166666667)
(-0.3826834324 0.9238795325 1.166666667)
(-0.5552191354 0.831704101 1.166666667)
(-0.7071067812 0.7071067812 1.166666667)
(-0.831704101 0.5552191354 1.166666667)
(-0.9238795325 0.3826834324 1.166666667)
(-0.9807028255 0.1955043941 1.166666667)
(-1 -1.224646799e-16 1.166666667)
(-0.9807028255 -0.1955043941 1.166666667)
(-0.9238795325 -0.3826834324 1.166666667)
(-0.831704101 -0.5552191354 1.166666667)
(-0.7071067812 -0.7071067812 1.166666667)
(-0.5552191354 -0.831704101 1.166666667)
(-0.3826834324 -0.9238795325 1.166666667)
(-0.1955043941 -0.9807028255 1.166666667)
(-2.175160679e-16 -1 1.166666667)
(0.1955043941 -0.9807028255 1.166666667)
(0.3826834324 -0.9238795325 1.166666667)
(0.5552191354 -0.831704101 1.166666667)
(0.7071067812 -0.7071067812 1.166666667)
(0.831704101 -0.5552191354 1.166666667)
(0.9238795325 -0.3826834324 1.166666667)
(0.9807028255 -0.1955043941 1.166666667)
(0.9807028255 0.1955043941 1)
(0.9238795325 0.3826834324 1)
(0.831704101 0.5552191354 1)
(0.7071067812 0.7071067812 1)
(0.5552191354 0.831704101 1)
(0.3826834324 0.9238795325 1)
(0.1955043941 0.9807028255 1)
(1.899723103e-16 1 1)
(-0.1955043941 0.9807028255 1)
(-0.3826834324 0.9238795325 1)
(-0.5552191354 0.831704101 1)
(-0.7071067812 0.7071067812 1)
(-0.831704101 0.5552191354 1)
(-0.9238795325 0.3826834324 1)
(-0.9807028255 0.1955043941 1)
(-1 -1.224646799e-16 1)
(-0.9807028255 -0.1955043941 1)
(-0.9238795325 -0.3826834324 1)
(-0.831704101 -0.5552191354 1)
(-0.7071067812 -0.7071067812 1)
(-0.5552191354 -0.831704101 1)
(-0.3826834324 -0.9238795325 1)
(-0.1955043941 -0.9807028255 1)
(-1.083051803e-16 -1 1)
(0.1955043941 -0.9807028255 1)
(0.3826834324 -0.9238795325 1)
(0.5552191354 -0.831704101 1)
(0.7071067812 -0.7071067812 1)
(0.831704101 -0.5552191354 1)
(0.9238795325 -0.3826834324 1)
(0.9807028255 -0.1955043941 1)
(0.9807028255 0.1955043941 0.8333333333)
(0.9238795325 0.3826834324 0.8333333333)
(0.831704101 0.5552191354 0.8333333333)
(0.7071067812 0.7071067812 0.8333333333)
(0.5552191354 0.831704101 0.8333333333)
(0.3826834324 0.9238795325 0.8333333333)
(0.1955043941 0.9807028255 0.8333333333)
(-5.576192615e-17 1 0.8333333333)
(-0.1955043941 0.9807028255 0.8333333333)
(-0.3826834324 0.9238795325 0.8333333333)
(-0.5552191354 0.831704101 0.8333333333)
(-0.7071067812 0.7071067812 0.8333333333)
(-0.831704101 0.5552191354 0.8333333333)
(-0.9238795325 0.3826834324 0.8333333333)
(-0.9807028255 0.1955043941 0.8333333333)
(-1 -1.224646799e-16 0.8333333333)
(-0.9807028255 -0.1955043941 0.8333333333)
(-0.9238795325 -0.3826834324 0.8333333333)
(-0.831704101 -0.5552191354 0.8333333333)
(-0.7071067812 -0.7071067812 0.8333333333)
(-0.5552191354 -0.831704101 0.8333333333)
(-0.3826834324 -0.9238795325 0.8333333333)
(-0.1955043941 -0.9807028255 0.8333333333)
(-1.083051803e-16 -1 0.8333333333)
(0.1955043941 -0.9807028255 0.8333333333)
(0.3826834324 -0.9238795325 0.8333333333)
(0.5552191354 -0.831704101 0.8333333333)
(0.7071067812 -0.7071067812 0.8333333333)
(0.831704101 -0.5552191354 0.8333333333)
(0.9238795325 -0.3826834324 0.8333333333)
(0.9807028255 -0.1955043941 0.8333333333)
(0.9807028255 0.1955043941 0.6666666667)
(0.9238795325 0.3826834324 0.6666666667)
(0.831704101 0.5552191354 0.6666666667)
(0.7071067812 0.7071067812 0.6666666667)
(0.5552191354 0.831704101 0.6666666667)
(0.3826834324 0.9238795325 0.6666666667)
(0.1955043941 0.9807028255 0.6666666667)
(-1.619075244e-18 1 0.6666666667)
(-0.1955043941 0.9807028255 0.6666666667)
(-0.3826834324 0.9238795325 0.6666666667)
(-0.5552191354 0.831704101 0.6666666667)
(-0.7071067812 0.7071067812 0.6666666667)
(-0.831704101 0.5552191354 0.6666666667)
(-0.9238795325 0.3826834324 0.6666666667)
(-0.9807028255 0.1955043941 0.6666666667)
(-1 -1.224646799e-16 0.6666666667)
(-0.9807028255 -0.1955043941 0.6666666667)
(-0.9238795325 -0.3826834324 0.6666666667)
(-0.831704101 -0.5552191354 0.6666666667)
(-0.7071067812 -0.7071067812 0.6666666667)
(-0.5552191354 -0.831704101 0.6666666667)
(-0.3826834324 -0.9238795325 0.6666666667)
(-0.1955043941 -0.9807028255 0.6666666667)
(9.057073995e-19 -1 0.6666666667)
(0.1955043941 -0.9807028255 0.6666666667)
(0.3826834324 -0.9238795325 0.6666666667)
(0.5552191354 -0.831704101 0.6666666667)
(0.7071067812 -0.7071067812 0.6666666667)
(0.831704101 -0.5552191354 0.6666666667)
(0.9238795325 -0.3826834324 0.6666666667)
(0.9807028255 -0.1955043941 0.6666666667)
(0.9807028255 0.1955043941 0.5)
(0.9238795325 0.3826834324 0.5)
(0.831704101 0.5552191354 0.5)
(0.7071067812 0.7071067812 0.5)
(0.5552191354 0.831704101 0.5)
(0.3826834324 0.9238795325 0.5)
(0.1955043941 0.9807028255 0.5)
(5.252377566e-17 1 0.5)
(-0.1955043941 0.9807028255 0.5)
(-0.3826834324 0.9238795325 0.5)
(-0.5552191354 0.831704101 0.5)
(-0.7071067812 0.7071067812 0.5)
(-0.831704101 0.5552191354 0.5)
(-0.9238795325 0.3826834324 0.5)
(-0.9807028255 0.1955043941 0.5)
(-1 -1.224646799e-16 0.5)
(-0.9807028255 -0.1955043941 0.5)
(-0.9238795325 -0.3826834324 0.5)
(-0.831704101 -0.5552191354 0.5)
(-0.7071067812 -0.7071067812 0.5)
(-0.5552191354 -0.831704101 0.5)
(-0.3826834324 -0.9238795325 0.5)
(-0.1955043941 -0.9807028255 0.5)
(9.057073995e-19 -1 0.5)
(0.1955043941 -0.9807028255 0.5)
(0.3826834324 -0.9238795325 0.5)
(0.5552191354 -0.831704101 0.5)
(0.7071067812 -0.7071067812 0.5)
(0.831704101 -0.5552191354 0.5)
(0.9238795325 -0.3826834324 0.5)
(0.9807028255 -0.1955043941 0.5)
(0.9807028255 0.1955043941 0.3333333333)
(0.9238795325 0.3826834324 0.3333333333)
(0.831704101 0.5552191354 0.3333333333)
(0.7071067812 0.7071067812 0.3333333333)
(0.5552191354 0.831704101 0.3333333333)
(0.3826834324 0.9238795325 0.3333333333)
(0.1955043941 0.9807028255 0.3333333333)
(-1.117551488e-16 1 0.3333333333)
(-0.1955043941 0.9807028255 0.3333333333)
(-0.3826834324 0.9238795325 0.3333333333)
(-0.5552191354 0.831704101 0.3333333333)
(-0.7071067812 0.7071067812 0.3333333333)
(-0.831704101 0.5552191354 0.3333333333)
(-0.9238795325 0.3826834324 0.3333333333)
(-0.9807028255 0.1955043941 0.3333333333)
(-1 -1.224646799e-16 0.3333333333)
(-0.9807028255 -0.1955043941 0.3333333333)
(-0.9238795325 -0.3826834324 0.3333333333)
(-0.831704101 -0.5552191354 0.3333333333)
(-0.7071067812 -0.7071067812 0.3333333333)
(-0.5552191354 -0.831704101 0.3333333333)
(-0.3826834324 -0.9238795325 0.3333333333)
(-0.1955043941 -0.9807028255 0.3333333333)
(1.101740265e-16 -1 0.3333333333)
(0.1955043941 -0.9807028255 0.3333333333)
(0.3826834324 -0.9238795325 0.3333333333)
(0.5552191354 -0.831704101 0.3333333333)
(0.7071067812 -0.7071067812 0.3333333333)
(0.831704101 -0.5552191354 0.3333333333)
(0.9238795325 -0.3826834324 0.3333333333)
(0.9807028255 -0.1955043941 0.3333333333)
(0.9807028255 0.1955043941 0.1666666667)
(0.9238795325 0.3826834324 0.1666666667)
(0.831704101 0.5552191354 0.1666666667)
(0.7071067812 0.7071067812 0.1666666667)
(0.5552191354 0.831704101 0.1666666667)
(0.3826834324 0.9238795325 0.1666666667)
(0.1955043941 0.9807028255 0.1666666667)
(-2.21582012e-16 1 0.1666666667)
(-0.1955043941 0.9807028255 0.1666666667)
(-0.3826834324 0.9238795325 0.1666666667)
(-0.5552191354 0.831704101 0.1666666667)
(-0.7071067812 0.7071067812 0.1666666667)
(-0.831704101 0.5552191354 0.1666666667)
(-0.9238795325 0.3826834324 0.1666666667)
(-0.9807028255 0.1955043941 0.1666666667)
(-1 -1.224646799e-16 0.1666666667)
(-0.9807028255 -0.1955043941 0.1666666667)
(-0.9238795325 -0.3826834324 0.1666666667)
(-0.831704101 -0.5552191354 0.1666666667)
(-0.7071067812 -0.7071067812 0.1666666667)
(-0.5552191354 -0.831704101 0.1666666667)
(-0.3826834324 -0.9238795325 0.1666666667)
(-0.1955043941 -0.9807028255 0.1666666667)
(9.057073995e-19 -1 0.1666666667)
(0.1955043941 -0.9807028255 0.1666666667)
(0.3826834324 -0.9238795325 0.1666666667)
(0.5552191354 -0.831704101 0.1666666667)
(0.7071067812 -0.7071067812 0.1666666667)
(0.831704101 -0.5552191354 0.1666666667)
(0.9238795325 -0.3826834324 0.1666666667)
(0.9807028255 -0.1955043941 0.1666666667)
(0.8264291763 0.0681262442 2.5)
(0.7731511484 -0.08374045089 2.5)
(0.709673724 -0.2486607734 2.5)
(0.6366597893 -0.4110237222 2.5)
(0.5482878635 -0.5543443233 2.5)
(0.441537451 -0.6657402104 2.5)
(0.3008972658 -0.7299566683 2.5)
(0.1375988489 -0.7670138477 2.5)
(-0.03737702111 -0.7823395447 2.5)
(-0.2130274793 -0.7783724522 2.5)
(-0.3753121505 -0.7612640186 2.5)
(-0.4993199891 -0.7478835276 2.5)
(-0.5590626226 -0.6383813121 2.5)
(-0.6378459687 -0.4937304322 2.5)
(-0.7103486132 -0.3274775276 2.5)
(-0.7647054905 -0.1485481408 2.5)
(-0.7981212948 0.03373512193 2.5)
(-0.813898651 0.2048590949 2.5)
(-0.8233890578 0.3362336717 2.5)
(-0.7237732164 0.413538984 2.5)
(-0.5935556895 0.5141284608 2.5)
(-0.4418642716 0.6138506831 2.5)
(-0.2766967174 0.7034882771 2.5)
(-0.113544061 0.7837982378 2.5)
(0.008949028357 0.8624581293 2.5)
(0.1447517958 0.7973201527 2.5)
(0.3119125701 0.7417795422 2.5)
(0.4617779033 0.6789077905 2.5)
(0.5814961108 0.5694166097 2.5)
(0.692786556 0.4333299594 2.5)
(0.7930143455 0.2931034848 2.5)
(0.8709385973 0.1837434249 2.5)
(0.5147045142 -0.1250804116 2.5)
(0.4591144662 -0.3031472371 2.5)
(0.3650755517 -0.5614544917 2.5)
(0.09681580825 -0.5844604307 2.5)
(-0.07313542895 -0.5944952556 2.5)
(-0.245167842 -0.6022976479 2.5)
(-0.4093166522 -0.6124862058 2.5)
(-0.4634197854 -0.453892639 2.5)
(-0.5218032506 -0.2822057071 2.5)
(-0.5751904165 -0.1010762972 2.5)
(-0.6218137237 0.08230073685 2.5)
(-0.6665340192 0.257683295 2.5)
(-0.5127331583 0.3306710045 2.5)
(-0.3454041127 0.4107055662 2.5)
(-0.1608562888 0.4944574708 2.5)
(0.05025951202 0.5955742295 2.5)
(0.2684160777 0.5709241332 2.5)
(0.3993353288 0.5707686043 2.5)
(0.4682218852 0.4606773 2.5)
(0.5713697132 0.3173649602 2.5)
(0.6948121205 0.1783688852 2.5)
(0.6011147441 0.0386608768 2.5)
(0.2504306614 -0.4153443224 2.5)
(0.0737654805 -0.4047346896 2.5)
(-0.1084810869 -0.4109294345 2.5)
(-0.288346659 -0.4275163944 2.5)
(-0.3378673716 -0.2446766539 2.5)
(-0.3909623136 -0.05368967163 2.5)
(-0.4483337709 0.1403300226 2.5)
(-0.2667834739 0.2011894439 2.5)
(-0.07131337447 0.2615033845 2.5)
(0.135520551 0.3207078388 2.5)
(0.3237821302 0.3865117125 2.5)
(0.2611618956 -0.2267590162 2.5)
(-0.1482362419 -0.2170885088 2.5)
(-0.1986663517 -0.01072606658 2.5)
(0.01275501217 0.02262849526 2.5)
(0.271036969 0.03394578088 2.5)
(0.4387092374 0.1944449207 2.5)
(0.0524867401 -0.206293008 2.5)
(0.4088393004 -0.4549021142 2.5)
(0.2498560097 -0.5742002739 2.5)
(0.8264066947 0.06817953543 0.1666666667)
(0.7731366504 -0.08378223557 0.1666666667)
(0.709674689 -0.248680946 0.1666666667)
(0.6366868095 -0.4109850202 0.1666666667)
(0.5482728204 -0.5543326764 0.1666666667)
(0.4414767422 -0.6657810085 0.1666666667)
(0.3009053709 -0.729974108 0.1666666667)
(0.1376563961 -0.7670010887 0.1666666667)
(-0.03739829175 -0.7823203619 0.1666666667)
(-0.2130946609 -0.7783679282 0.1666666667)
(-0.3752757986 -0.7613034843 0.1666666667)
(-0.4991460461 -0.7479997041 0.1666666667)
(-0.5590117727 -0.6384001112 0.1666666667)
(-0.637875958 -0.4936699402 0.1666666667)
(-0.7103728486 -0.3274687179 0.1666666667)
(-0.7646935607 -0.1486064066 0.1666666667)
(-0.7981014102 0.03375672666 0.1666666667)
(-0.8138815869 0.2049596457 0.1666666667)
(-0.8233993241 0.3362421982 0.1666666667)
(-0.7238275044 0.4134722535 0.1666666667)
(-0.5935645165 0.5140921293 0.1666666667)
(-0.4418256434 0.6138737987 0.1666666667)
(-0.2767059605 0.7034942298 0.1666666667)
(-0.113603654 0.7837826868 0.1666666667)
(0.008959258827 0.8624414702 0.1666666667)
(0.1448315138 0.7973030907 0.1666666667)
(0.3119174706 0.7417989087 0.1666666667)
(0.4616986832 0.678960111 0.1666666667)
(0.5814861746 0.5693980892 0.1666666667)
(0.6928395259 0.43326101 0.1666666667)
(0.7930232552 0.2931371727 0.1666666667)
(0.8709022107 0.1839288328 0.1666666667)
(0.5147058821 -0.1250839569 0.1666666667)
(0.4591148902 -0.3031466894 0.1666666667)
(0.3650612441 -0.5614645424 0.1666666667)
(0.09682501078 -0.5844578406 0.1666666667)
(-0.07314403544 -0.5944917679 0.1666666667)
(-0.2451721341 -0.602306237 0.1666666667)
(-0.4092851198 -0.6125072293 0.1666666667)
(-0.4634138166 -0.4538850764 0.1666666667)
(-0.5218094002 -0.2822001251 0.1666666667)
(-0.5751881829 -0.1010849973 0.1666666667)
(-0.621806072 0.08230994395 0.1666666667)
(-0.6665370193 0.2576904293 0.1666666667)
(-0.5127397971 0.3306617752 0.1666666667)
(-0.345404513 0.4107038614 0.1666666667)
(-0.1608623124 0.4944573544 0.1666666667)
(0.05026644938 0.5955702658 0.1666666667)
(0.2684157175 0.5709337387 0.1666666667)
(0.3993149992 0.5707810671 0.1666666667)
(0.4682155765 0.4606696174 0.1666666667)
(0.571378111 0.3173568321 0.1666666667)
(0.6948052948 0.1783957903 0.1666666667)
(0.6011104215 0.03866701447 0.1666666667)
(0.2504295281 -0.4153454127 0.1666666667)
(0.07376594953 -0.4047345399 0.1666666667)
(-0.1084816659 -0.4109294746 0.1666666667)
(-0.2883409643 -0.4275201222 0.1666666667)
(-0.3378675694 -0.2446761548 0.1666666667)
(-0.390962131 -0.05368997231 0.1666666667)
(-0.4483340949 0.1403310178 0.1666666667)
(-0.2667834903 0.2011893336 0.1666666667)
(-0.07131339415 0.2615033781 0.1666666667)
(0.135520582 0.3207079336 0.1666666667)
(0.3237803885 0.386511846 0.1666666667)
(0.2611618627 -0.2267588887 0.1666666667)
(-0.1482362184 -0.217088509 0.1666666667)
(-0.1986663406 -0.01072606711 0.1666666667)
(0.0127550116 0.02262849425 0.1666666667)
(0.2710369423 0.03394579932 0.1666666667)
(0.4387101917 0.1944450194 0.1666666667)
(0.05248674203 -0.2062929994 0.1666666667)
(0.4088309939 -0.4548988457 0.1666666667)
(0.2498579942 -0.5742088833 0.1666666667)
(0.8264066947 0.06817953543 0.3333333333)
(0.7731366504 -0.08378223557 0.3333333333)
(0.709674689 -0.248680946 0.3333333333)
(0.6366868095 -0.4109850202 0.3333333333)
(0.5482728204 -0.5543326764 0.3333333333)
(0.4414767422 -0.6657810085 0.3333333333)
(0.3009053709 -0.729974108 0.3333333333)
(0.1376563961 -0.7670010887 0.3333333333)
(-0.03739829175 -0.7823203619 0.3333333333)
(-0.2130946609 -0.7783679282 0.3333333333)
(-0.3752757986 -0.7613034843 0.3333333333)
(-0.4991460461 -0.7479997041 0.3333333333)
(-0.5590117727 -0.6384001112 0.3333333333)
(-0.637875958 -0.4936699402 0.3333333333)
(-0.7103728486 -0.3274687179 0.3333333333)
(-0.7646935607 -0.1486064066 0.3333333333)
(-0.7981014102 0.03375672666 0.3333333333)
(-0.8138815869 0.2049596457 0.3333333333)
(-0.8233993241 0.3362421982 0.3333333333)
(-0.7238275044 0.4134722535 0.3333333333)
(-0.5935645165 0.5140921293 0.3333333333)
(-0.4418256434 0.6138737987 0.3333333333)
(-0.2767059605 0.7034942298 0.3333333333)
(-0.113603654 0.7837826868 0.3333333333)
(0.008959258827 0.8624414702 0.3333333333)
(0.1448315138 0.7973030907 0.3333333333)
(0.3119174706 0.7417989087 0.3333333333)
(0.4616986832 0.678960111 0.3333333333)
(0.5814861746 0.5693980892 0.3333333333)
(0.6928395259 0.43326101 0.3333333333)
(0.7930232552 0.2931371727 0.3333333333)
(0.8709022107 0.1839288328 0.3333333333)
(0.5147058821 -0.1250839569 0.3333333333)
(0.4591148902 -0.3031466894 0.3333333333)
(0.3650612441 -0.5614645424 0.3333333333)
(0.09682501078 -0.5844578406 0.3333333333)
(-0.07314403544 -0.5944917679 0.3333333333)
(-0.2451721341 -0.602306237 0.3333333333)
(-0.4092851198 -0.6125072293 0.3333333333)
(-0.4634138166 -0.4538850764 0.3333333333)
(-0.5218094002 -0.2822001251 0.3333333333)
(-0.5751881829 -0.1010849973 0.3333333333)
(-0.621806072 0.08230994395 0.3333333333)
(-0.6665370193 0.2576904293 0.3333333333)
(-0.5127397971 0.3306617752 0.3333333333)
(-0.345404513 0.4107038614 0.3333333333)
(-0.1608623124 0.4944573544 0.3333333333)
(0.05026644938 0.5955702658 0.3333333333)
(0.2684157175 0.5709337387 0.3333333333)
(0.3993149992 0.5707810671 0.3333333333)
(0.4682155765 0.4606696174 0.3333333333)
(0.571378111 0.3173568321 0.3333333333)
(0.6948052948 0.1783957903 0.3333333333)
(0.6011104215 0.03866701447 0.3333333333)
(0.2504295281 -0.4153454127 0.3333333333)
(0.07376594953 -0.4047345399 0.3333333333)
(-0.1084816659 -0.4109294746 0.3333333333)
(-0.2883409643 -0.4275201222 0.3333333333)
(-0.3378675694 -0.2446761548 0.3333333333)
(-0.390962131 -0.05368997231 0.3333333333)
(-0.4483340949 0.1403310178 0.3333333333)
(-0.2667834903 0.2011893336 0.3333333333)
(-0.07131339415 0.2615033781 0.3333333333)
(0.135520582 0.3207079336 0.3333333333)
(0.3237803885 0.386511846 0.3333333333)
(0.2611618627 -0.2267588887 0.3333333333)
(-0.1482362184 -0.217088509 0.3333333333)
(-0.1986663406 -0.01072606711 0.3333333333)
(0.0127550116 0.02262849425 0.3333333333)
(0.2710369423 0.03394579932 0.3333333333)
(0.4387101917 0.1944450194 0.3333333333)
(0.05248674203 -0.2062929994 0.3333333333)
(0.4088309939 -0.4548988457 0.3333333333)
(0.2498579942 -0.5742088833 0.3333333333)
(0.8264066947 0.06817953543 0.5)
(0.7731366504 -0.08378223557 0.5)
(0.709674689 -0.248680946 0.5)
(0.6366868095 -0.4109850202 0.5)
(0.5482728204 -0.5543326764 0.5)
(0.4414767422 -0.6657810085 0.5)
(0.3009053709 -0.729974108 0.5)
(0.1376563961 -0.7670010887 0.5)
(-0.03739829175 -0.7823203619 0.5)
(-0.2130946609 -0.7783679282 0.5)
(-0.3752757986 -0.7613034843 0.5)
(-0.4991460461 -0.7479997041 0.5)
(-0.5590117727 -0.6384001112 0.5)
(-0.637875958 -0.4936699402 0.5)
(-0.7103728486 -0.3274687179 0.5)
(-0.7646935607 -0.1486064066 0.5)
(-0.7981014102 0.03375672666 0.5)
(-0.8138815869 0.2049596457 0.5)
(-0.8233993241 0.3362421982 0.5)
(-0.7238275044 0.4134722535 0.5)
(-0.5935645165 0.5140921293 0.5)
(-0.4418256434 0.6138737987 0.5)
(-0.2767059605 0.7034942298 0.5)
(-0.113603654 0.7837826868 0.5)
(0.008959258827 0.8624414702 0.5)
(0.1448315138 0.7973030907 0.5)
(0.3119174706 0.7417989087 0.5)
(0.4616986832 0.678960111 0.5)
(0.5814861746 0.5693980892 0.5)
(0.6928395259 0.43326101 0.5)
(0.7930232552 0.2931371727 0.5)
(0.8709022107 0.1839288328 0.5)
(0.5147058821 -0.1250839569 0.5)
(0.4591148902 -0.3031466894 0.5)
(0.3650612441 -0.5614645424 0.5)
(0.09682501078 -0.5844578406 0.5)
(-0.07314403544 -0.5944917679 0.5)
(-0.2451721341 -0.602306237 0.5)
(-0.4092851198 -0.6125072293 0.5)
(-0.4634138166 -0.4538850764 0.5)
(-0.5218094002 -0.2822001251 0.5)
(-0.5751881829 -0.1010849973 0.5)
(-0.621806072 0.08230994395 0.5)
(-0.6665370193 0.2576904293 0.5)
(-0.5127397971 0.3306617752 0.5)
(-0.345404513 0.4107038614 0.5)
(-0.1608623124 0.4944573544 0.5)
(0.05026644938 0.5955702658 0.5)
(0.2684157175 0.5709337387 0.5)
(0.3993149992 0.5707810671 0.5)
(0.4682155765 0.4606696174 0.5)
(0.571378111 0.3173568321 0.5)
(0.6948052948 0.1783957903 0.5)
(0.6011104215 0.03866701447 0.5)
(0.2504295281 -0.4153454127 0.5)
(0.07376594953 -0.4047345399 0.5)
(-0.1084816659 -0.4109294746 0.5)
(-0.2883409643 -0.4275201222 0.5)
(-0.3378675694 -0.2446761548 0.5)
(-0.390962131 -0.05368997231 0.5)
(-0.4483340949 0.1403310178 0.5)
(-0.2667834903 0.2011893336 0.5)
(-0.07131339415 0.2615033781 0.5)
(0.135520582 0.3207079336 0.5)
(0.3237803885 0.386511846 0.5)
(0.2611618627 -0.2267588887 0.5)
(-0.1482362184 -0.217088509 0.5)
(-0.1986663406 -0.01072606711 0.5)
(0.0127550116 0.02262849425 0.5)
(0.2710369423 0.03394579932 0.5)
(0.4387101917 0.1944450194 0.5)
(0.05248674203 -0.2062929994 0.5)
(0.4088309939 -0.4548988457 0.5)
(0.2498579942 -0.5742088833 0.5)
(0.8264066947 0.06817953543 0.6666666667)
(0.7731366504 -0.08378223557 0.6666666667)
(0.709674689 -0.248680946 0.6666666667)
(0.6366868095 -0.4109850202 0.6666666667)
(0.5482728204 -0.5543326764 0.6666666667)
(0.4414767422 -0.6657810085 0.6666666667)
(0.3009053709 -0.729974108 0.6666666667)
(0.1376563961 -0.7670010887 0.6666666667)
(-0.03739829175 -0.7823203619 0.6666666667)
(-0.2130946609 -0.7783679282 0.6666666667)
(-0.3752757986 -0.7613034843 0.6666666667)
(-0.4991460461 -0.7479997041 0.6666666667)
(-0.5590117727 -0.6384001112 0.6666666667)
(-0.637875958 -0.4936699402 0.6666666667)
(-0.7103728486 -0.3274687179 0.6666666667)
(-0.7646935607 -0.1486064066 0.6666666667)
(-0.7981014102 0.03375672666 0.6666666667)
(-0.8138815869 0.2049596457 0.6666666667)
(-0.8233993241 0.3362421982 0.6666666667)
(-0.7238275044 0.4134722535 0.6666666667)
(-0.5935645165 0.5140921293 0.6666666667)
(-0.4418256434 0.6138737987 0.6666666667)
(-0.2767059605 0.7034942298 0.6666666667)
(-0.113603654 0.7837826868 0.6666666667)
(0.008959258827 0.8624414702 0.6666666667)
(0.1448315138 0.7973030907 0.6666666667)
(0.3119174706 0.7417989087 0.6666666667)
(0.4616986832 0.678960111 0.6666666667)
(0.5814861746 0.5693980892 0.6666666667)
(0.6928395259 0.43326101 0.6666666667)
(0.7930232552 0.2931371727 0.6666666667)
(0.8709022107 0.1839288328 0.6666666667)
(0.5147058821 -0.1250839569 0.6666666667)
(0.4591148902 -0.3031466894 0.6666666667)
(0.3650612441 -0.5614645424 0.6666666667)
(0.09682501078 -0.5844578406 0.6666666667)
(-0.07314403544 -0.5944917679 0.6666666667)
(-0.2451721341 -0.602306237 0.6666666667)
(-0.4092851198 -0.6125072293 0.6666666667)
(-0.4634138166 -0.4538850764 0.6666666667)
(-0.5218094002 -0.2822001251 0.6666666667)
(-0.5751881829 -0.1010849973 0.6666666667)
(-0.621806072 0.08230994395 0.6666666667)
(-0.6665370193 0.2576904293 0.6666666667)
(-0.5127397971 0.3306617752 0.6666666667)
(-0.345404513 0.4107038614 0.6666666667)
(-0.1608623124 0.4944573544 0.6666666667)
(0.05026644938 0.5955702658 0.6666666667)
(0.2684157175 0.5709337387 0.6666666667)
(0.3993149992 0.5707810671 0.6666666667)
(0.4682155765 0.4606696174 0.6666666667)
(0.571378111 0.3173568321 0.6666666667)
(0.6948052948 0.1783957903 0.6666666667)
(0.6011104215 0.03866701447 0.6666666667)
(0.2504295281 -0.4153454127 0.6666666667)
(0.07376594953 -0.4047345399 0.6666666667)
(-0.1084816659 -0.4109294746 0.6666666667)
(-0.2883409643 -0.4275201222 0.6666666667)
(-0.3378675694 -0.2446761548 0.6666666667)
(-0.390962131 -0.05368997231 0.6666666667)
(-0.4483340949 0.1403310178 0.6666666667)
(-0.2667834903 0.2011893336 0.6666666667)
(-0.07131339415 0.2615033781 0.6666666667)
(0.135520582 0.3207079336 0.6666666667)
(0.3237803885 0.386511846 0.6666666667)
(0.2611618627 -0.2267588887 0.6666666667)
(-0.1482362184 -0.217088509 0.6666666667)
(-0.1986663406 -0.01072606711 0.6666666667)
(0.0127550116 0.02262849425 0.6666666667)
(0.2710369423 0.03394579932 0.6666666667)
(0.4387101917 0.1944450194 0.6666666667)
(0.05248674203 -0.2062929994 0.6666666667)
(0.4088309939 -0.4548988457 0.6666666667)
(0.2498579942 -0.5742088833 0.6666666667)
(0.8264066947 0.06817953543 0.8333333333)
(0.7731366504 -0.08378223557 0.8333333333)
(0.709674689 -0.248680946 0.8333333333)
(0.6366868095 -0.4109850202 0.8333333333)
(0.5482728204 -0.5543326764 0.8333333333)
(0.4414767422 -0.6657810085 0.8333333333)
(0.3009053709 -0.729974108 0.8333333333)
(0.1376563961 -0.7670010887 0.8333333333)
(-0.03739829175 -0.7823203619 0.8333333333)
(-0.2130946609 -0.7783679282 0.8333333333)
(-0.3752757986 -0.7613034843 0.8333333333)
(-0.4991460461 -0.7479997041 0.8333333333)
(-0.5590117727 -0.6384001112 0.8333333333)
(-0.637875958 -0.4936699402 0.8333333333)
(-0.7103728486 -0.3274687179 0.8333333333)
(-0.7646935607 -0.1486064066 0.8333333333)
(-0.7981014102 0.03375672666 0.8333333333)
(-0.8138815869 0.2049596457 0.8333333333)
(-0.8233993241 0.3362421982 0.8333333333)
(-0.7238275044 0.4134722535 0.8333333333)
(-0.5935645165 0.5140921293 0.8333333333)
(-0.4418256434 0.6138737987 0.8333333333)
(-0.2767059605 0.7034942298 0.8333333333)
(-0.113603654 0.7837826868 0.8333333333)
(0.008959258827 0.8624414702 0.8333333333)
(0.1448315138 0.7973030907 0.8333333333)
(0.3119174706 0.7417989087 0.8333333333)
(0.4616986832 0.678960111 0.8333333333)
(0.5814861746 0.5693980892 0.8333333333)
(0.6928395259 0.43326101 0.8333333333)
(0.7930232552 0.2931371727 0.8333333333)
(0.8709022107 0.1839288328 0.8333333333)
(0.5147058821 -0.1250839569 0.8333333333)
(0.4591148902 -0.3031466894 0.8333333333)
(0.3650612441 -0.5614645424 0.8333333333)
(0.09682501078 -0.5844578406 0.8333333333)
(-0.07314403544 -0.5944917679 0.8333333333)
(-0.2451721341 -0.602306237 0.8333333333)
(-0.4092851198 -0.6125072293 0.8333333333)
(-0.4634138166 -0.4538850764 0.8333333333)
(-0.5218094002 -0.2822001251 0.8333333333)
(-0.5751881829 -0.1010849973 0.8333333333)
(-0.621806072 0.08230994395 0.8333333333)
(-0.6665370193 0.2576904293 0.8333333333)
(-0.5127397971 0.3306617752 0.8333333333)
(-0.345404513 0.4107038614 0.8333333333)
(-0.1608623124 0.4944573544 0.8333333333)
(0.05026644938 0.5955702658 0.8333333333)
(0.2684157175 0.5709337387 0.8333333333)
(0.3993149992 0.5707810671 0.8333333333)
(0.4682155765 0.4606696174 0.8333333333)
(0.571378111 0.3173568321 0.8333333333)
(0.6948052948 0.1783957903 0.8333333333)
(0.6011104215 0.03866701447 0.8333333333)
(0.2504295281 -0.4153454127 0.8333333333)
(0.07376594953 -0.4047345399 0.8333333333)
(-0.1084816659 -0.4109294746 0.8333333333)
(-0.2883409643 -0.4275201222 0.8333333333)
(-0.3378675694 -0.2446761548 0.8333333333)
(-0.390962131 -0.05368997231 0.8333333333)
(-0.4483340949 0.1403310178 0.8333333333)
(-0.2667834903 0.2011893336 0.8333333333)
(-0.07131339415 0.2615033781 0.8333333333)
(0.135520582 0.3207079336 0.8333333333)
(0.3237803885 0.386511846 0.8333333333)
(0.2611618627 -0.2267588887 0.8333333333)
(-0.1482362184 -0.217088509 0.8333333333)
(-0.1986663406 -0.01072606711 0.8333333333)
(0.0127550116 0.02262849425 0.8333333333)
(0.2710369423 0.03394579932 0.8333333333)
(0.4387101917 0.1944450194 0.8333333333)
(0.05248674203 -0.2062929994 0.8333333333)
(0.4088309939 -0.4548988457 0.8333333333)
(0.2498579942 -0.5742088833 0.8333333333)
(0.8264066947 0.06817953543 1)
(0.7731366504 -0.08378223557 1)
(0.709674689 -0.248680946 1)
(0.6366868095 -0.4109850202 1)
(0.5482728204 -0.5543326764 1)
(0.4414767422 -0.6657810085 1)
(0.3009053709 -0.729974108 1)
(0.1376563961 -0.7670010887 1)
(-0.03739829175 -0.7823203619 1)
(-0.2130946609 -0.7783679282 1)
(-0.3752757986 -0.7613034843 1)
(-0.4991460461 -0.7479997041 1)
(-0.5590117727 -0.6384001112 1)
(-0.637875958 -0.4936699402 1)
(-0.7103728486 -0.3274687179 1)
(-0.7646935607 -0.1486064066 1)
(-0.7981014102 0.03375672666 1)
(-0.8138815869 0.2049596457 1)
(-0.8233993241 0.3362421982 1)
(-0.7238275044 0.4134722535 1)
(-0.5935645165 0.5140921293 1)
(-0.4418256434 0.6138737987 1)
(-0.2767059605 0.7034942298 1)
(-0.113603654 0.7837826868 1)
(0.008959258827 0.8624414702 1)
(0.1448315138 0.7973030907 1)
(0.3119174706 0.7417989087 1)
(0.4616986832 0.678960111 1)
(0.5814861746 0.5693980892 1)
(0.6928395259 0.43326101 1)
(0.7930232552 0.2931371727 1)
(0.8709022107 0.1839288328 1)
(0.5147058821 -0.1250839569 1)
(0.4591148902 -0.3031466894 1)
(0.3650612441 -0.5614645424 1)
(0.09682501078 -0.5844578406 1)
(-0.07314403544 -0.5944917679 1)
(-0.2451721341 -0.602306237 1)
(-0.4092851198 -0.6125072293 1)
(-0.4634138166 -0.4538850764 1)
(-0.5218094002 -0.2822001251 1)
(-0.5751881829 -0.1010849973 1)
(-0.621806072 0.08230994395 1)
(-0.6665370193 0.2576904293 1)
(-0.5127397971 0.3306617752 1)
(-0.345404513 0.4107038614 1)
(-0.1608623124 0.4944573544 1)
(0.05026644938 0.5955702658 1)
(0.2684157175 0.5709337387 1)
(0.3993149992 0.5707810671 1)
(0.4682155765 0.4606696174 1)
(0.571378111 0.3173568321 1)
(0.6948052948 0.1783957903 1)
(0.6011104215 0.03866701447 1)
(0.2504295281 -0.4153454127 1)
(0.07376594953 -0.4047345399 1)
(-0.1084816659 -0.4109294746 1)
(-0.2883409643 -0.4275201222 1)
(-0.3378675694 -0.2446761548 1)
(-0.390962131 -0.05368997231 1)
(-0.4483340949 0.1403310178 1)
(-0.2667834903 0.2011893336 1)
(-0.07131339415 0.2615033781 1)
(0.135520582 0.3207079336 1)
(0.3237803885 0.386511846 1)
(0.2611618627 -0.2267588887 1)
(-0.1482362184 -0.217088509 1)
(-0.1986663406 -0.01072606711 1)
(0.0127550116 0.02262849425 1)
(0.2710369423 0.03394579932 1)
(0.4387101917 0.1944450194 1)
(0.05248674203 -0.2062929994 1)
(0.4088309939 -0.4548988457 1)
(0.2498579942 -0.5742088833 1)
(0.8264066947 0.06817953543 1.166666667)
(0.7731366504 -0.08378223557 1.166666667)
(0.709674689 -0.248680946 1.166666667)
(0.6366868095 -0.4109850202 1.166666667)
(0.5482728204 -0.5543326764 1.166666667)
(0.4414767422 -0.6657810085 1.166666667)
(0.3009053709 -0.729974108 1.166666667)
(0.1376563961 -0.7670010887 1.166666667)
(-0.03739829175 -0.7823203619 1.166666667)
(-0.2130946609 -0.7783679282 1.166666667)
(-0.3752757986 -0.7613034843 1.166666667)
(-0.4991460461 -0.7479997041 1.166666667)
(-0.5590117727 -0.6384001112 1.166666667)
(-0.637875958 -0.4936699402 1.166666667)
(-0.7103728486 -0.3274687179 1.166666667)
(-0.7646935607 -0.1486064066 1.166666667)
(-0.7981014102 0.03375672666 1.166666667)
(-0.8138815869 0.2049596457 1.166666667)
(-0.8233993241 0.3362421982 1.166666667)
(-0.7238275044 0.4134722535 1.166666667)
(-0.5935645165 0.5140921293 1.166666667)
(-0.4418256434 0.6138737987 1.166666667)
(-0.2767059605 0.7034942298 1.166666667)
(-0.113603654 0.7837826868 1.166666667)
(0.008959258827 0.8624414702 1.166666667)
(0.1448315138 0.7973030907 1.166666667)
(0.3119174706 0.7417989087 1.166666667)
(0.4616986832 0.678960111 1.166666667)
(0.5814861746 0.5693980892 1.166666667)
(0.6928395259 0.43326101 1.166666667)
(0.7930232552 0.2931371727 1.166666667)
(0.8709022107 0.1839288328 1.166666667)
(0.5147058821 -0.1250839569 1.166666667)
(0.4591148902 -0.3031466894 1.166666667)
(0.3650612441 -0.5614645424 1.166666667)
(0.09682501078 -0.5844578406 1.166666667)
(-0.07314403544 -0.5944917679 1.166666667)
(-0.2451721341 -0.602306237 1.166666667)
(-0.4092851198 -0.6125072293 1.166666667)
(-0.4634138166 -0.4538850764 1.166666667)
(-0.5218094002 -0.2822001251 1.166666667)
(-0.5751881829 -0.1010849973 1.166666667)
(-0.621806072 0.08230994395 1.166666667)
(-0.6665370193 0.2576904293 1.166666667)
(-0.5127397971 0.3306617752 1.166666667)
(-0.345404513 0.4107038614 1.166666667)
(-0.1608623124 0.4944573544 1.166666667)
(0.05026644938 0.5955702658 1.166666667)
(0.2684157175 0.5709337387 1.166666667)
(0.3993149992 0.5707810671 1.166666667)
(0.4682155765 0.4606696174 1.166666667)
(0.571378111 0.3173568321 1.166666667)
(0.6948052948 0.1783957903 1.166666667)
(0.6011104215 0.03866701447 1.166666667)
(0.2504295281 -0.4153454127 1.166666667)
(0.07376594953 -0.4047345399 1.166666667)
(-0.1084816659 -0.4109294746 1.166666667)
(-0.2883409643 -0.4275201222 1.166666667)
(-0.3378675694 -0.2446761548 1.166666667)
(-0.390962131 -0.05368997231 1.166666667)
(-0.4483340949 0.1403310178 1.166666667)
(-0.2667834903 0.2011893336 1.166666667)
(-0.07131339415 0.2615033781 1.166666667)
(0.135520582 0.3207079336 1.166666667)
(0.3237803885 0.386511846 1.166666667)
(0.2611618627 -0.2267588887 1.166666667)
(-0.1482362184 -0.217088509 1.166666667)
(-0.1986663406 -0.01072606711 1.166666667)
(0.0127550116 0.02262849425 1.166666667)
(0.2710369423 0.03394579932 1.166666667)
(0.4387101917 0.1944450194 1.166666667)
(0.05248674203 -0.2062929994 1.166666667)
(0.4088309939 -0.4548988457 1.166666667)
(0.2498579942 -0.5742088833 1.166666667)
(0.8264066947 0.06817953543 1.333333333)
(0.7731366504 -0.08378223557 1.333333333)
(0.709674689 -0.248680946 1.333333333)
(0.6366868095 -0.4109850202 1.333333333)
(0.5482728204 -0.5543326764 1.333333333)
(0.4414767422 -0.6657810085 1.333333333)
(0.3009053709 -0.729974108 1.333333333)
(0.1376563961 -0.7670010887 1.333333333)
(-0.03739829175 -0.7823203619 1.333333333)
(-0.2130946609 -0.7783679282 1.333333333)
(-0.3752757986 -0.7613034843 1.333333333)
(-0.4991460461 -0.7479997041 1.333333333)
(-0.5590117727 -0.6384001112 1.333333333)
(-0.637875958 -0.4936699402 1.333333333)
(-0.7103728486 -0.3274687179 1.333333333)
(-0.7646935607 -0.1486064066 1.333333333)
(-0.7981014102 0.03375672666 1.333333333)
(-0.8138815869 0.2049596457 1.333333333)
(-0.8233993241 0.3362421982 1.333333333)
(-0.7238275044 0.4134722535 1.333333333)
(-0.5935645165 0.5140921293 1.333333333)
(-0.4418256434 0.6138737987 1.333333333)
(-0.2767059605 0.7034942298 1.333333333)
(-0.113603654 0.7837826868 1.333333333)
(0.008959258827 0.8624414702 1.333333333)
(0.1448315138 0.7973030907 1.333333333)
(0.3119174706 0.7417989087 1.333333333)
(0.4616986832 0.678960111 1.333333333)
(0.5814861746 0.5693980892 1.333333333)
(0.6928395259 0.43326101 1.333333333)
(0.7930232552 0.2931371727 1.333333333)
(0.8709022107 0.1839288328 1.333333333)
(0.5147058821 -0.1250839569 1.333333333)
(0.4591148902 -0.3031466894 1.333333333)
(0.3650612441 -0.5614645424 1.333333333)
(0.09682501078 -0.5844578406 1.333333333)
(-0.07314403544 -0.5944917679 1.333333333)
(-0.2451721341 -0.602306237 1.333333333)
(-0.4092851198 -0.6125072293 1.333333333)
(-0.4634138166 -0.4538850764 1.333333333)
(-0.5218094002 -0.2822001251 1.333333333)
(-0.5751881829 -0.1010849973 1.333333333)
(-0.621806072 0.08230994395 1.333333333)
(-0.6665370193 0.2576904293 1.333333333)
(-0.5127397971 0.3306617752 1.333333333)
(-0.345404513 0.4107038614 1.333333333)
(-0.1608623124 0.4944573544 1.333333333)
(0.05026644938 0.5955702658 1.333333333)
(0.2684157175 0.5709337387 1.333333333)
(0.3993149992 0.5707810671 1.333333333)
(0.4682155765 0.4606696174 1.333333333)
(0.571378111 0.3173568321 1.333333333)
(0.6948052948 0.1783957903 1.333333333)
(0.6011104215 0.03866701447 1.333333333)
(0.2504295281 -0.4153454127 1.333333333)
(0.07376594953 -0.4047345399 1.333333333)
(-0.1084816659 -0.4109294746 1.333333333)
(-0.2883409643 -0.4275201222 1.333333333)
(-0.3378675694 -0.2446761548 1.333333333)
(-0.390962131 -0.05368997231 1.333333333)
(-0.4483340949 0.1403310178 1.333333333)
(-0.2667834903 0.2011893336 1.333333333)
(-0.07131339415 0.2615033781 1.333333333)
(0.135520582 0.3207079336 1.333333333)
(0.3237803885 0.386511846 1.333333333)
(0.2611618627 -0.2267588887 1.333333333)
(-0.1482362184 -0.217088509 1.333333333)
(-0.1986663406 -0.01072606711 1.333333333)
(0.0127550116 0.02262849425 1.333333333)
(0.2710369423 0.03394579932 1.333333333)
(0.4387101917 0.1944450194 1.333333333)
(0.05248674203 -0.2062929994 1.333333333)
(0.4088309939 -0.4548988457 1.333333333)
(0.2498579942 -0.5742088833 1.333333333)
(0.8264066947 0.06817953543 1.5)
(0.7731366504 -0.08378223557 1.5)
(0.709674689 -0.248680946 1.5)
(0.6366868095 -0.4109850202 1.5)
(0.5482728204 -0.5543326764 1.5)
(0.4414767422 -0.6657810085 1.5)
(0.3009053709 -0.729974108 1.5)
(0.1376563961 -0.7670010887 1.5)
(-0.03739829175 -0.7823203619 1.5)
(-0.2130946609 -0.7783679282 1.5)
(-0.3752757986 -0.7613034843 1.5)
(-0.4991460461 -0.7479997041 1.5)
(-0.5590117727 -0.6384001112 1.5)
(-0.637875958 -0.4936699402 1.5)
(-0.7103728486 -0.3274687179 1.5)
(-0.7646935607 -0.1486064066 1.5)
(-0.7981014102 0.03375672666 1.5)
(-0.8138815869 0.2049596457 1.5)
(-0.8233993241 0.3362421982 1.5)
(-0.7238275044 0.4134722535 1.5)
(-0.5935645165 0.5140921293 1.5)
(-0.4418256434 0.6138737987 1.5)
(-0.2767059605 0.7034942298 1.5)
(-0.113603654 0.7837826868 1.5)
(0.008959258827 0.8624414702 1.5)
(0.1448315138 0.7973030907 1.5)
(0.3119174706 0.7417989087 1.5)
(0.4616986832 0.678960111 1.5)
(0.5814861746 0.5693980892 1.5)
(0.6928395259 0.43326101 1.5)
(0.7930232552 0.2931371727 1.5)
(0.8709022107 0.1839288328 1.5)
(0.5147058821 -0.1250839569 1.5)
(0.4591148902 -0.3031466894 1.5)
(0.3650612441 -0.5614645424 1.5)
(0.09682501078 -0.5844578406 1.5)
(-0.07314403544 -0.5944917679 1.5)
(-0.2451721341 -0.602306237 1.5)
(-0.4092851198 -0.6125072293 1.5)
(-0.4634138166 -0.4538850764 1.5)
(-0.5218094002 -0.2822001251 1.5)
(-0.5751881829 -0.1010849973 1.5)
(-0.621806072 0.08230994395 1.5)
(-0.6665370193 0.2576904293 1.5)
(-0.5127397971 0.3306617752 1.5)
(-0.345404513 0.4107038614 1.5)
(-0.1608623124 0.4944573544 1.5)
(0.05026644938 0.5955702658 1.5)
(0.2684157175 0.5709337387 1.5)
(0.3993149992 0.5707810671 1.5)
(0.4682155765 0.4606696174 1.5)
(0.571378111 0.3173568321 1.5)
(0.6948052948 0.1783957903 1.5)
(0.6011104215 0.03866701447 1.5)
(0.2504295281 -0.4153454127 1.5)
(0.07376594953 -0.4047345399 1.5)
(-0.1084816659 -0.4109294746 1.5)
(-0.2883409643 -0.4275201222 1.5)
(-0.3378675694 -0.2446761548 1.5)
(-0.390962131 -0.05368997231 1.5)
(-0.4483340949 0.1403310178 1.5)
(-0.2667834903 0.2011893336 1.5)
(-0.07131339415 0.2615033781 1.5)
(0.135520582 0.3207079336 1.5)
(0.3237803885 0.386511846 1.5)
(0.2611618627 -0.2267588887 1.5)
(-0.1482362184 -0.217088509 1.5)
(-0.1986663406 -0.01072606711 1.5)
(0.0127550116 0.02262849425 1.5)
(0.2710369423 0.03394579932 1.5)
(0.4387101917 0.1944450194 1.5)
(0.05248674203 -0.2062929994 1.5)
(0.4088309939 -0.4548988457 1.5)
(0.2498579942 -0.5742088833 1.5)
(0.8264066947 0.06817953543 1.666666667)
(0.7731366504 -0.08378223557 1.666666667)
(0.709674689 -0.248680946 1.666666667)
(0.6366868095 -0.4109850202 1.666666667)
(0.5482728204 -0.5543326764 1.666666667)
(0.4414767422 -0.6657810085 1.666666667)
(0.3009053709 -0.729974108 1.666666667)
(0.1376563961 -0.7670010887 1.666666667)
(-0.03739829175 -0.7823203619 1.666666667)
(-0.2130946609 -0.7783679282 1.666666667)
(-0.3752757986 -0.7613034843 1.666666667)
(-0.4991460461 -0.7479997041 1.666666667)
(-0.5590117727 -0.6384001112 1.666666667)
(-0.637875958 -0.4936699402 1.666666667)
(-0.7103728486 -0.3274687179 1.666666667)
(-0.7646935607 -0.1486064066 1.666666667)
(-0.7981014102 0.03375672666 1.666666667)
(-0.8138815869 0.2049596457 1.666666667)
(-0.8233993241 0.3362421982 1.666666667)
(-0.7238275044 0.4134722535 1.666666667)
(-0.5935645165 0.5140921293 1.666666667)
(-0.4418256434 0.6138737987 1.666666667)
(-0.2767059605 0.7034942298 1.666666667)
(-0.113603654 0.7837826868 1.666666667)
(0.008959258827 0.8624414702 1.666666667)
(0.1448315138 0.7973030907 1.666666667)
(0.3119174706 0.7417989087 1.666666667)
(0.4616986832 0.678960111 1.666666667)
(0.5814861746 0.5693980892 1.666666667)
(0.6928395259 0.43326101 1.666666667)
(0.7930232552 0.2931371727 1.666666667)
(0.8709022107 0.1839288328 1.666666667)
(0.5147058821 -0.1250839569 1.666666667)
(0.4591148902 -0.3031466894 1.666666667)
(0.3650612441 -0.5614645424 1.666666667)
(0.09682501078 -0.5844578406 1.666666667)
(-0.07314403544 -0.5944917679 1.666666667)
(-0.2451721341 -0.602306237 1.666666667)
(-0.4092851198 -0.6125072293 1.666666667)
(-0.4634138166 -0.4538850764 1.666666667)
(-0.5218094002 -0.2822001251 1.666666667)
(-0.5751881829 -0.1010849973 1.666666667)
(-0.621806072 0.08230994395 1.666666667)
(-0.6665370193 0.2576904293 1.666666667)
(-0.5127397971 0.3306617752 1.666666667)
(-0.345404513 0.4107038614 1.666666667)
(-0.1608623124 0.4944573544 1.666666667)
(0.05026644938 0.5955702658 1.666666667)
(0.2684157175 0.5709337387 1.666666667)
(0.3993149992 0.5707810671 1.666666667)
(0.4682155765 0.4606696174 1.666666667)
(0.571378111 0.3173568321 1.666666667)
(0.6948052948 0.1783957903 1.666666667)
(0.6011104215 0.03866701447 1.666666667)
(0.2504295281 -0.4153454127 1.666666667)
(0.07376594953 -0.4047345399 1.666666667)
(-0.1084816659 -0.4109294746 1.666666667)
(-0.2883409643 -0.4275201222 1.666666667)
(-0.3378675694 -0.2446761548 1.666666667)
(-0.390962131 -0.05368997231 1.666666667)
(-0.4483340949 0.1403310178 1.666666667)
(-0.2667834903 0.2011893336 1.666666667)
(-0.07131339415 0.2615033781 1.666666667)
(0.135520582 0.3207079336 1.666666667)
(0.3237803885 0.386511846 1.666666667)
(0.2611618627 -0.2267588887 1.666666667)
(-0.1482362184 -0.217088509 1.666666667)
(-0.1986663406 -0.01072606711 1.666666667)
(0.0127550116 0.02262849425 1.666666667)
(0.2710369423 0.03394579932 1.666666667)
(0.4387101917 0.1944450194 1.666666667)
(0.05248674203 -0.2062929994 1.666666667)
(0.4088309939 -0.4548988457 1.666666667)
(0.2498579942 -0.5742088833 1.666666667)
(0.8264066947 0.06817953543 1.833333333)
(0.7731366504 -0.08378223557 1.833333333)
(0.709674689 -0.248680946 1.833333333)
(0.6366868095 -0.4109850202 1.833333333)
(0.5482728204 -0.5543326764 1.833333333)
(0.4414767422 -0.6657810085 1.833333333)
(0.3009053709 -0.729974108 1.833333333)
(0.1376563961 -0.7670010887 1.833333333)
(-0.03739829175 -0.7823203619 1.833333333)
(-0.2130946609 -0.7783679282 1.833333333)
(-0.3752757986 -0.7613034843 1.833333333)
(-0.4991460461 -0.7479997041 1.833333333)
(-0.5590117727 -0.6384001112 1.833333333)
(-0.637875958 -0.4936699402 1.833333333)
(-0.7103728486 -0.3274687179 1.833333333)
(-0.7646935607 -0.1486064066 1.833333333)
(-0.7981014102 0.03375672666 1.833333333)
(-0.8138815869 0.2049596457 1.833333333)
(-0.8233993241 0.3362421982 1.833333333)
(-0.7238275044 0.4134722535 1.833333333)
(-0.5935645165 0.5140921293 1.833333333)
(-0.4418256434 0.6138737987 1.833333333)
(-0.2767059605 0.7034942298 1.833333333)
(-0.113603654 0.7837826868 1.833333333)
(0.008959258827 0.8624414702 1.833333333)
(0.1448315138 0.7973030907 1.833333333)
(0.3119174706 0.7417989087 1.833333333)
(0.4616986832 0.678960111 1.833333333)
(0.5814861746 0.5693980892 1.833333333)
(0.6928395259 0.43326101 1.833333333)
(0.7930232552 0.2931371727 1.833333333)
(0.8709022107 0.1839288328 1.833333333)
(0.5147058821 -0.1250839569 1.833333333)
(0.4591148902 -0.3031466894 1.833333333)
(0.3650612441 -0.5614645424 1.833333333)
(0.09682501078 -0.5844578406 1.833333333)
(-0.07314403544 -0.5944917679 1.833333333)
(-0.2451721341 -0.602306237 1.833333333)
(-0.4092851198 -0.6125072293 1.833333333)
(-0.4634138166 -0.4538850764 1.833333333)
(-0.5218094002 -0.2822001251 1.833333333)
(-0.5751881829 -0.1010849973 1.833333333)
(-0.621806072 0.08230994395 1.833333333)
(-0.6665370193 0.2576904293 1.833333333)
(-0.5127397971 0.3306617752 1.833333333)
(-0.345404513 0.4107038614 1.833333333)
(-0.1608623124 0.4944573544 1.833333333)
(0.05026644938 0.5955702658 1.833333333)
(0.2684157175 0.5709337387 1.833333333)
(0.3993149992 0.5707810671 1.833333333)
(0.4682155765 0.4606696174 1.833333333)
(0.571378111 0.3173568321 1.833333333)
(0.6948052948 0.1783957903 1.833333333)
(0.6011104215 0.03866701447 1.833333333)
(0.2504295281 -0.4153454127 1.833333333)
(0.07376594953 -0.4047345399 1.833333333)
(-0.1084816659 -0.4109294746 1.833333333)
(-0.2883409643 -0.4275201222 1.833333333)
(-0.3378675694 -0.2446761548 1.833333333)
(-0.390962131 -0.05368997231 1.833333333)
(-0.4483340949 0.1403310178 1.833333333)
(-0.2667834903 0.2011893336 1.833333333)
(-0.07131339415 0.2615033781 1.833333333)
(0.135520582 0.3207079336 1.833333333)
(0.3237803885 0.386511846 1.833333333)
(0.2611618627 -0.2267588887 1.833333333)
(-0.1482362184 -0.217088509 1.833333333)
(-0.1986663406 -0.01072606711 1.833333333)
(0.0127550116 0.02262849425 1.833333333)
(0.2710369423 0.03394579932 1.833333333)
(0.4387101917 0.1944450194 1.833333333)
(0.05248674203 -0.2062929994 1.833333333)
(0.4088309939 -0.4548988457 1.833333333)
(0.2498579942 -0.5742088833 1.833333333)
(0.8264066947 0.06817953543 2)
(0.7731366504 -0.08378223557 2)
(0.709674689 -0.248680946 2)
(0.6366868095 -0.4109850202 2)
(0.5482728204 -0.5543326764 2)
(0.4414767422 -0.6657810085 2)
(0.3009053709 -0.729974108 2)
(0.1376563961 -0.7670010887 2)
(-0.03739829175 -0.7823203619 2)
(-0.2130946609 -0.7783679282 2)
(-0.3752757986 -0.7613034843 2)
(-0.4991460461 -0.7479997041 2)
(-0.5590117727 -0.6384001112 2)
(-0.637875958 -0.4936699402 2)
(-0.7103728486 -0.3274687179 2)
(-0.7646935607 -0.1486064066 2)
(-0.7981014102 0.03375672666 2)
(-0.8138815869 0.2049596457 2)
(-0.8233993241 0.3362421982 2)
(-0.7238275044 0.4134722535 2)
(-0.5935645165 0.5140921293 2)
(-0.4418256434 0.6138737987 2)
(-0.2767059605 0.7034942298 2)
(-0.113603654 0.7837826868 2)
(0.008959258827 0.8624414702 2)
(0.1448315138 0.7973030907 2)
(0.3119174706 0.7417989087 2)
(0.4616986832 0.678960111 2)
(0.5814861746 0.5693980892 2)
(0.6928395259 0.43326101 2)
(0.7930232552 0.2931371727 2)
(0.8709022107 0.1839288328 2)
(0.5147058821 -0.1250839569 2)
(0.4591148902 -0.3031466894 2)
(0.3650612441 -0.5614645424 2)
(0.09682501078 -0.5844578406 2)
(-0.07314403544 -0.5944917679 2)
(-0.2451721341 -0.602306237 2)
(-0.4092851198 -0.6125072293 2)
(-0.4634138166 -0.4538850764 2)
(-0.5218094002 -0.2822001251 2)
(-0.5751881829 -0.1010849973 2)
(-0.621806072 0.08230994395 2)
(-0.6665370193 0.2576904293 2)
(-0.5127397971 0.3306617752 2)
(-0.345404513 0.4107038614 2)
(-0.1608623124 0.4944573544 2)
(0.05026644938 0.5955702658 2)
(0.2684157175 0.5709337387 2)
(0.3993149992 0.5707810671 2)
(0.4682155765 0.4606696174 2)
(0.571378111 0.3173568321 2)
(0.6948052948 0.1783957903 2)
(0.6011104215 0.03866701447 2)
(0.2504295281 -0.4153454127 2)
(0.07376594953 -0.4047345399 2)
(-0.1084816659 -0.4109294746 2)
(-0.2883409643 -0.4275201222 2)
(-0.3378675694 -0.2446761548 2)
(-0.390962131 -0.05368997231 2)
(-0.4483340949 0.1403310178 2)
(-0.2667834903 0.2011893336 2)
(-0.07131339415 0.2615033781 2)
(0.135520582 0.3207079336 2)
(0.3237803885 0.386511846 2)
(0.2611618627 -0.2267588887 2)
(-0.1482362184 -0.217088509 2)
(-0.1986663406 -0.01072606711 2)
(0.0127550116 0.02262849425 2)
(0.2710369423 0.03394579932 2)
(0.4387101917 0.1944450194 2)
(0.05248674203 -0.2062929994 2)
(0.4088309939 -0.4548988457 2)
(0.2498579942 -0.5742088833 2)
(0.8264066947 0.06817953543 2.166666667)
(0.7731366504 -0.08378223557 2.166666667)
(0.709674689 -0.248680946 2.166666667)
(0.6366868095 -0.4109850202 2.166666667)
(0.5482728204 -0.5543326764 2.166666667)
(0.4414767422 -0.6657810085 2.166666667)
(0.3009053709 -0.729974108 2.166666667)
(0.1376563961 -0.7670010887 2.166666667)
(-0.03739829175 -0.7823203619 2.166666667)
(-0.2130946609 -0.7783679282 2.166666667)
(-0.3752757986 -0.7613034843 2.166666667)
(-0.4991460461 -0.7479997041 2.166666667)
(-0.5590117727 -0.6384001112 2.166666667)
(-0.637875958 -0.4936699402 2.166666667)
(-0.7103728486 -0.3274687179 2.166666667)
(-0.7646935607 -0.1486064066 2.166666667)
(-0.7981014102 0.03375672666 2.166666667)
(-0.8138815869 0.2049596457 2.166666667)
(-0.8233993241 0.3362421982 2.166666667)
(-0.7238275044 0.4134722535 2.166666667)
(-0.5935645165 0.5140921293 2.166666667)
(-0.4418256434 0.6138737987 2.166666667)
(-0.2767059605 0.7034942298 2.166666667)
(-0.113603654 0.7837826868 2.166666667)
(0.008959258827 0.8624414702 2.166666667)
(0.1448315138 0.7973030907 2.166666667)
(0.3119174706 0.7417989087 2.166666667)
(0.4616986832 0.678960111 2.166666667)
(0.5814861746 0.5693980892 2.166666667)
(0.6928395259 0.43326101 2.166666667)
(0.7930232552 0.2931371727 2.166666667)
(0.8709022107 0.1839288328 2.166666667)
(0.5147058821 -0.1250839569 2.166666667)
(0.4591148902 -0.3031466894 2.166666667)
(0.3650612441 -0.5614645424 2.166666667)
(0.09682501078 -0.5844578406 2.166666667)
(-0.07314403544 -0.5944917679 2.166666667)
(-0.2451721341 -0.602306237 2.166666667)
(-0.4092851198 -0.6125072293 2.166666667)
(-0.4634138166 -0.4538850764 2.166666667)
(-0.5218094002 -0.2822001251 2.166666667)
(-0.5751881829 -0.1010849973 2.166666667)
(-0.621806072 0.08230994395 2.166666667)
(-0.6665370193 0.2576904293 2.166666667)
(-0.5127397971 0.3306617752 2.166666667)
(-0.345404513 0.4107038614 2.166666667)
(-0.1608623124 0.4944573544 2.166666667)
(0.05026644938 0.5955702658 2.166666667)
(0.2684157175 0.5709337387 2.166666667)
(0.3993149992 0.5707810671 2.166666667)
(0.4682155765 0.4606696174 2.166666667)
(0.571378111 0.3173568321 2.166666667)
(0.6948052948 0.1783957903 2.166666667)
(0.6011104215 0.03866701447 2.166666667)
(0.2504295281 -0.4153454127 2.166666667)
(0.07376594953 -0.4047345399 2.166666667)
(-0.1084816659 -0.4109294746 2.166666667)
(-0.2883409643 -0.4275201222 2.166666667)
(-0.3378675694 -0.2446761548 2.166666667)
(-0.390962131 -0.05368997231 2.166666667)
(-0.4483340949 0.1403310178 2.166666667)
(-0.2667834903 0.2011893336 2.166666667)
(-0.07131339415 0.2615033781 2.166666667)
(0.135520582 0.3207079336 2.166666667)
(0.3237803885 0.386511846 2.166666667)
(0.2611618627 -0.2267588887 2.166666667)
(-0.1482362184 -0.217088509 2.166666667)
(-0.1986663406 -0.01072606711 2.166666667)
(0.0127550116 0.02262849425 2.166666667)
(0.2710369423 0.03394579932 2.166666667)
(0.4387101917 0.1944450194 2.166666667)
(0.05248674203 -0.2062929994 2.166666667)
(0.4088309939 -0.4548988457 2.166666667)
(0.2498579942 -0.5742088833 2.166666667)
(0.8264066947 0.06817953543 2.333333333)
(0.7731366504 -0.08378223557 2.333333333)
(0.709674689 -0.248680946 2.333333333)
(0.6366868095 -0.4109850202 2.333333333)
(0.5482728204 -0.5543326764 2.333333333)
(0.4414767422 -0.6657810085 2.333333333)
(0.3009053709 -0.729974108 2.333333333)
(0.1376563961 -0.7670010887 2.333333333)
(-0.03739829175 -0.7823203619 2.333333333)
(-0.2130946609 -0.7783679282 2.333333333)
(-0.3752757986 -0.7613034843 2.333333333)
(-0.4991460461 -0.7479997041 2.333333333)
(-0.5590117727 -0.6384001112 2.333333333)
(-0.637875958 -0.4936699402 2.333333333)
(-0.7103728486 -0.3274687179 2.333333333)
(-0.7646935607 -0.1486064066 2.333333333)
(-0.7981014102 0.03375672666 2.333333333)
(-0.8138815869 0.2049596457 2.333333333)
(-0.8233993241 0.3362421982 2.333333333)
(-0.7238275044 0.4134722535 2.333333333)
(-0.5935645165 0.5140921293 2.333333333)
(-0.4418256434 0.6138737987 2.333333333)
(-0.2767059605 0.7034942298 2.333333333)
(-0.113603654 0.7837826868 2.333333333)
(0.008959258827 0.8624414702 2.333333333)
(0.1448315138 0.7973030907 2.333333333)
(0.3119174706 0.7417989087 2.333333333)
(0.4616986832 0.678960111 2.333333333)
(0.5814861746 0.5693980892 2.333333333)
(0.6928395259 0.43326101 2.333333333)
(0.7930232552 0.2931371727 2.333333333)
(0.8709022107 0.1839288328 2.333333333)
(0.5147058821 -0.1250839569 2.333333333)
(0.4591148902 -0.3031466894 2.333333333)
(0.3650612441 -0.5614645424 2.333333333)
(0.09682501078 -0.5844578406 2.333333333)
(-0.07314403544 -0.5944917679 2.333333333)
(-0.2451721341 -0.602306237 2.333333333)
(-0.4092851198 -0.6125072293 2.333333333)
(-0.4634138166 -0.4538850764 2.333333333)
(-0.5218094002 -0.2822001251 2.333333333)
(-0.5751881829 -0.1010849973 2.333333333)
(-0.621806072 0.08230994395 2.333333333)
(-0.6665370193 0.2576904293 2.333333333)
(-0.5127397971 0.3306617752 2.333333333)
(-0.345404513 0.4107038614 2.333333333)
(-0.1608623124 0.4944573544 2.333333333)
(0.05026644938 0.5955702658 2.333333333)
(0.2684157175 0.5709337387 2.333333333)
(0.3993149992 0.5707810671 2.333333333)
(0.4682155765 0.4606696174 2.333333333)
(0.571378111 0.3173568321 2.333333333)
(0.6948052948 0.1783957903 2.333333333)
(0.6011104215 0.03866701447 2.333333333)
(0.2504295281 -0.4153454127 2.333333333)
(0.07376594953 -0.4047345399 2.333333333)
(-0.1084816659 -0.4109294746 2.333333333)
(-0.2883409643 -0.4275201222 2.333333333)
(-0.3378675694 -0.2446761548 2.333333333)
(-0.390962131 -0.05368997231 2.333333333)
(-0.4483340949 0.1403310178 2.333333333)
(-0.2667834903 0.2011893336 2.333333333)
(-0.07131339415 0.2615033781 2.333333333)
(0.135520582 0.3207079336 2.333333333)
(0.3237803885 0.386511846 2.333333333)
(0.2611618627 -0.2267588887 2.333333333)
(-0.1482362184 -0.217088509 2.333333333)
(-0.1986663406 -0.01072606711 2.333333333)
(0.0127550116 0.02262849425 2.333333333)
(0.2710369423 0.03394579932 2.333333333)
(0.4387101917 0.1944450194 2.333333333)
(0.05248674203 -0.2062929994 2.333333333)
(0.4088309939 -0.4548988457 2.333333333)
(0.2498579942 -0.5742088833 2.333333333)
)

// ************************************************************************* //
