/*--------------------------------*- C++ -*----------------------------------*\
| =========                 |                                                 |
| \\      /  F ield         | foam-extend: Open Source CFD                    |
|  \\    /   O peration     | Version:     4.0                                |
|   \\  /    A nd           | Web:         http://www.foam-extend.org         |
|    \\/     M anipulation  | For copyright notice see file Copyright         |
\*---------------------------------------------------------------------------*/
FoamFile
{
    version     2.0;
    format      ascii;
    class       volScalarField;
    location    "0";
    object      T;
}
// * * * * * * * * * * * * * * * * * * * * * * * * * * * * * * * * * * * * * //

dimensions      [0 0 0 1 0 0 0];

internalField   nonuniform List<scalar> 
1000
(
348.432
348.432
348.432
348.432
348.432
348.432
348.432
348.432
348.432
348.432
348.432
348.432
348.432
348.432
348.432
348.432
348.432
348.432
348.432
348.432
348.432
348.432
348.432
348.432
348.432
348.432
348.432
348.432
348.432
348.432
348.432
348.432
348.432
348.432
348.432
348.432
348.432
348.432
348.432
348.432
348.432
348.432
348.432
348.432
348.432
348.432
348.432
348.432
348.432
348.432
348.432
348.432
348.432
348.432
348.432
348.432
348.432
348.432
348.432
348.432
348.432
348.432
348.432
348.432
348.432
348.432
348.432
348.432
348.432
348.432
348.432
348.432
348.432
348.432
348.432
348.432
348.432
348.432
348.432
348.432
348.432
348.432
348.432
348.432
348.432
348.432
348.432
348.432
348.432
348.432
348.432
348.432
348.432
348.432
348.432
348.432
348.432
348.432
348.432
348.432
348.432
348.432
348.432
348.432
348.432
348.432
348.432
348.432
348.432
348.432
348.432
348.432
348.432
348.432
348.432
348.432
348.432
348.432
348.432
348.432
348.432
348.432
348.432
348.432
348.432
348.432
348.432
348.432
348.432
348.432
348.432
348.432
348.432
348.432
348.432
348.432
348.432
348.432
348.432
348.432
348.432
348.432
348.432
348.432
348.432
348.432
348.432
348.432
348.432
348.432
348.432
348.432
348.432
348.432
348.432
348.432
348.432
348.432
348.432
348.432
348.432
348.432
348.432
348.432
348.432
348.432
348.432
348.432
348.432
348.432
348.432
348.432
348.432
348.432
348.432
348.432
348.432
348.432
348.432
348.432
348.432
348.432
348.432
348.432
348.432
348.432
348.432
348.432
348.432
348.432
348.432
348.432
348.432
348.432
348.432
348.432
348.432
348.432
348.432
348.432
348.432
348.432
348.432
348.432
348.432
348.432
348.432
348.432
348.432
348.432
348.432
348.432
348.432
348.432
348.432
348.432
348.432
348.432
348.432
348.432
348.432
348.432
348.432
348.432
348.432
348.432
348.432
348.432
348.432
348.432
348.432
348.432
348.432
348.432
348.432
348.432
348.432
348.432
348.432
348.432
348.432
348.432
348.432
348.432
348.432
348.432
348.432
348.432
348.432
348.432
348.432
348.432
348.432
348.432
348.432
348.432
348.432
348.432
348.432
348.432
348.432
348.432
348.432
348.432
348.432
348.432
348.432
348.432
348.432
348.432
348.432
348.432
348.432
348.432
348.432
348.432
348.432
348.432
348.432
348.432
348.432
348.432
348.432
348.432
348.432
348.432
348.432
348.432
348.432
348.432
348.432
348.432
348.432
348.432
348.432
348.432
348.432
348.432
348.432
348.432
348.432
348.432
348.432
348.432
348.432
348.432
348.432
348.432
348.432
348.432
348.432
348.432
348.432
348.432
348.432
348.432
348.432
348.432
348.432
348.432
348.432
348.432
348.432
348.432
348.432
348.432
348.432
348.432
348.432
348.432
348.432
348.432
348.432
348.432
348.432
348.432
348.432
348.432
348.432
348.432
348.432
348.432
348.432
348.432
348.432
348.432
348.432
348.432
348.432
348.432
348.432
348.432
348.432
348.432
348.432
348.432
348.432
348.432
348.432
348.432
348.432
348.432
348.432
348.432
348.432
348.432
348.432
348.432
348.432
348.432
348.432
348.432
348.432
348.432
348.432
348.432
348.432
348.432
348.432
348.432
348.432
348.432
348.432
348.432
348.432
348.432
348.432
348.432
348.432
348.432
348.432
348.432
348.432
348.432
348.432
348.432
348.432
348.432
348.432
348.432
348.432
348.432
348.432
348.432
348.432
348.432
348.432
348.432
348.432
348.432
348.432
348.432
348.432
348.432
348.432
348.432
348.432
348.432
348.432
348.432
348.432
348.432
348.432
348.432
348.432
348.432
348.432
348.432
348.432
348.432
348.432
348.432
348.432
348.432
348.432
348.432
348.432
348.432
348.432
348.432
348.432
348.432
348.432
348.432
348.432
348.432
348.432
348.432
348.432
348.432
348.432
348.432
348.432
348.432
348.432
348.432
348.432
348.432
348.432
348.432
348.432
348.432
348.432
348.432
348.432
348.432
348.432
348.432
348.432
348.432
348.432
348.432
348.432
348.432
348.432
348.432
348.432
348.432
348.432
348.432
348.432
348.432
348.432
348.432
348.432
348.432
348.432
348.432
348.432
348.432
348.432
348.432
348.432
348.432
348.432
348.432
348.432
348.432
348.432
348.432
278.746
278.746
278.746
278.746
278.746
278.746
278.746
278.746
278.746
278.746
278.746
278.746
278.746
278.746
278.746
278.746
278.746
278.746
278.746
278.746
278.746
278.746
278.746
278.746
278.746
278.746
278.746
278.746
278.746
278.746
278.746
278.746
278.746
278.746
278.746
278.746
278.746
278.746
278.746
278.746
278.746
278.746
278.746
278.746
278.746
278.746
278.746
278.746
278.746
278.746
278.746
278.746
278.746
278.746
278.746
278.746
278.746
278.746
278.746
278.746
278.746
278.746
278.746
278.746
278.746
278.746
278.746
278.746
278.746
278.746
278.746
278.746
278.746
278.746
278.746
278.746
278.746
278.746
278.746
278.746
278.746
278.746
278.746
278.746
278.746
278.746
278.746
278.746
278.746
278.746
278.746
278.746
278.746
278.746
278.746
278.746
278.746
278.746
278.746
278.746
278.746
278.746
278.746
278.746
278.746
278.746
278.746
278.746
278.746
278.746
278.746
278.746
278.746
278.746
278.746
278.746
278.746
278.746
278.746
278.746
278.746
278.746
278.746
278.746
278.746
278.746
278.746
278.746
278.746
278.746
278.746
278.746
278.746
278.746
278.746
278.746
278.746
278.746
278.746
278.746
278.746
278.746
278.746
278.746
278.746
278.746
278.746
278.746
278.746
278.746
278.746
278.746
278.746
278.746
278.746
278.746
278.746
278.746
278.746
278.746
278.746
278.746
278.746
278.746
278.746
278.746
278.746
278.746
278.746
278.746
278.746
278.746
278.746
278.746
278.746
278.746
278.746
278.746
278.746
278.746
278.746
278.746
278.746
278.746
278.746
278.746
278.746
278.746
278.746
278.746
278.746
278.746
278.746
278.746
278.746
278.746
278.746
278.746
278.746
278.746
278.746
278.746
278.746
278.746
278.746
278.746
278.746
278.746
278.746
278.746
278.746
278.746
278.746
278.746
278.746
278.746
278.746
278.746
278.746
278.746
278.746
278.746
278.746
278.746
278.746
278.746
278.746
278.746
278.746
278.746
278.746
278.746
278.746
278.746
278.746
278.746
278.746
278.746
278.746
278.746
278.746
278.746
278.746
278.746
278.746
278.746
278.746
278.746
278.746
278.746
278.746
278.746
278.746
278.746
278.746
278.746
278.746
278.746
278.746
278.746
278.746
278.746
278.746
278.746
278.746
278.746
278.746
278.746
278.746
278.746
278.746
278.746
278.746
278.746
278.746
278.746
278.746
278.746
278.746
278.746
278.746
278.746
278.746
278.746
278.746
278.746
278.746
278.746
278.746
278.746
278.746
278.746
278.746
278.746
278.746
278.746
278.746
278.746
278.746
278.746
278.746
278.746
278.746
278.746
278.746
278.746
278.746
278.746
278.746
278.746
278.746
278.746
278.746
278.746
278.746
278.746
278.746
278.746
278.746
278.746
278.746
278.746
278.746
278.746
278.746
278.746
278.746
278.746
278.746
278.746
278.746
278.746
278.746
278.746
278.746
278.746
278.746
278.746
278.746
278.746
278.746
278.746
278.746
278.746
278.746
278.746
278.746
278.746
278.746
278.746
278.746
278.746
278.746
278.746
278.746
278.746
278.746
278.746
278.746
278.746
278.746
278.746
278.746
278.746
278.746
278.746
278.746
278.746
278.746
278.746
278.746
278.746
278.746
278.746
278.746
278.746
278.746
278.746
278.746
278.746
278.746
278.746
278.746
278.746
278.746
278.746
278.746
278.746
278.746
278.746
278.746
278.746
278.746
278.746
278.746
278.746
278.746
278.746
278.746
278.746
278.746
278.746
278.746
278.746
278.746
278.746
278.746
278.746
278.746
278.746
278.746
278.746
278.746
278.746
278.746
278.746
278.746
278.746
278.746
278.746
278.746
278.746
278.746
278.746
278.746
278.746
278.746
278.746
278.746
278.746
278.746
278.746
278.746
278.746
278.746
278.746
278.746
278.746
278.746
278.746
278.746
278.746
278.746
278.746
278.746
278.746
278.746
278.746
278.746
278.746
278.746
278.746
278.746
278.746
278.746
278.746
278.746
278.746
278.746
278.746
278.746
278.746
278.746
278.746
278.746
278.746
278.746
278.746
278.746
278.746
278.746
278.746
278.746
278.746
278.746
278.746
278.746
278.746
278.746
278.746
278.746
278.746
278.746
278.746
278.746
278.746
278.746
278.746
278.746
278.746
278.746
278.746
278.746
278.746
278.746
278.746
278.746
278.746
278.746
278.746
)
;

boundaryField
{
    sides
    {
        type            zeroGradient;
    }
    empty
    {
        type            empty;
    }
}


// ************************************************************************* //
